Scenarios/Scenario_4/topofan.asc
ncols         284
nrows         284
xllcorner     447870.77536271466
yllcorner     252404.11650858543
cellsize      2.5
NODATA_value  -9999
[rows 140 to 159 of 284, columns 45 to 89 of 284]
778.260009765625 777.75 777.5599975585938 777.2100219726562 776.8499755859375 776.25 777.0700073242188 777.4600219726562 777.47998046875 779.0399780273438 779.5800170898438 780.0399780273438 780.530029296875 781.5 782.0399780273438 782.4500122070312 782.8499755859375 783.3800048828125 783.7100219726562 784.1199951171875 784.3599853515625 785.989990234375 786.0700073242188 785.97998046875 785.77001953125 785.8699951171875 785.9500122070312 785.9600219726562 786.010009765625 786.0 785.9000244140625 785.72998046875 785.5900268554688 785.219970703125 785.010009765625 784.3599853515625 784.0599975585938 783.7899780273438 783.719970703125 783.6799926757812 783.5999755859375 783.4400024414062 783.4400024414062 783.4600219726562 783.2100219726562
778.6400146484375 777.9199829101562 777.77001953125 777.530029296875 777.3200073242188 777.0599975585938 777.530029296875 777.6099853515625 777.7999877929688 779.489990234375 779.9600219726562 780.4199829101562 780.9199829101562 781.9099731445312 782.3599853515625 782.8200073242188 783.1500244140625 783.739990234375 784.1300048828125 784.6699829101562 784.9400024414062 786.3400268554688 786.1799926757812 786.1300048828125 785.9500122070312 786.1599731445312 786.22998046875 786.219970703125 786.3099975585938 786.219970703125 786.1300048828125 786.02001953125 785.9099731445312 785.6500244140625 785.5499877929688 785.1199951171875 784.510009765625 783.8900146484375 783.8599853515625 783.7999877929688 783.7000122070312 783.5999755859375 783.5399780273438 783.4600219726562 782.9099731445312
779.5700073242188 778.1099853515625 777.97998046875 777.8699951171875 777.760009765625 777.7000122070312 777.7899780273438 778.3800048828125 779.3200073242188 780.3599853515625 780.8599853515625 781.3400268554688 781.8400268554688 782.7100219726562 783.1599731445312 783.5399780273438 783.8200073242188 784.6099853515625 785.1699829101562 785.8599853515625 786.2000122070312 786.7899780273438 786.6300048828125 786.489990234375 786.5700073242188 786.760009765625 786.75 786.75 786.8699951171875 786.7899780273438 786.6900024414062 786.5900268554688 786.510009765625 786.3699951171875 786.510009765625 786.5800170898438 786.4000244140625 784.989990234375 784.260009765625 783.9299926757812 783.77001953125 783.5900268554688 783.260009765625 782.3400268554688 781.260009765625
779.8800048828125 778.530029296875 778.2899780273438 778.1300048828125 777.9500122070312 777.8800048828125 778.2000122070312 779.1799926757812 779.7899780273438 780.8300170898438 781.3200073242188 781.7999877929688 782.280029296875 783.1400146484375 783.5399780273438 783.8699951171875 784.1699829101562 785.0599975585938 785.739990234375 786.4299926757812 786.760009765625 786.9600219726562 786.77001953125 786.77001953125 786.8699951171875 787.010009765625 787.0599975585938 787.0599975585938 787.1400146484375 787.010009765625 786.9099731445312 786.780029296875 786.6500244140625 786.5399780273438 786.7999877929688 787.719970703125 787.530029296875 786.02001953125 784.7899780273438 784.1500244140625 783.8400268554688 783.510009765625 782.8900146484375 781.7100219726562 780.75
780.280029296875 779.0599975585938 778.6699829101562 778.4299926757812 778.25 778.239990234375 779.1099853515625 779.7100219726562 780.2899780273438 781.2999877929688 781.7899780273438 782.260009765625 782.6900024414062 783.5700073242188 783.9199829101562 784.25 784.5800170898438 785.6300048828125 786.3099975585938 787.0399780273438 787.280029296875 787.1599731445312 787.0 787.0599975585938 787.2000122070312 787.3099975585938 787.3099975585938 787.3200073242188 787.3699951171875 787.1699829101562 787.0700073242188 786.9299926757812 786.8200073242188 786.5 786.530029296875 787.8300170898438 787.9600219726562 786.1799926757812 784.72998046875 784.0399780273438 783.780029296875 783.0999755859375 782.1900024414062 781.239990234375 780.3800048828125
780.8499755859375 779.8699951171875 779.4199829101562 779.0999755859375 778.8900146484375 779.260009765625 779.9199829101562 780.4600219726562 780.9600219726562 781.97998046875 782.47998046875 782.9600219726562 783.3800048828125 784.1400146484375 784.52001953125 784.8699951171875 785.3300170898438 786.510009765625 787.239990234375 787.7100219726562 787.760009765625 787.3800048828125 787.4299926757812 787.5499877929688 787.6400146484375 787.72998046875 787.719970703125 787.7000122070312 787.72998046875 787.4299926757812 787.2899780273438 787.1300048828125 786.9199829101562 786.52001953125 786.4500122070312 786.3099975585938 786.3900146484375 785.1300048828125 784.2999877929688 783.77001953125 783.5399780273438 782.530029296875 781.719970703125 780.8499755859375 780.0900268554688
781.3200073242188 780.5800170898438 780.1900024414062 779.9000244140625 779.7999877929688 780.1199951171875 780.6500244140625 781.1400146484375 781.6400146484375 782.6500244140625 783.0999755859375 783.5499877929688 783.969970703125 784.77001953125 785.1099853515625 785.5700073242188 786.1400146484375 787.4500122070312 788.02001953125 788.1099853515625 788.0599975585938 787.8599853515625 787.9500122070312 788.02001953125 788.0800170898438 788.1400146484375 788.1300048828125 788.0999755859375 788.010009765625 787.6900024414062 787.47998046875 787.25 787.0499877929688 786.6500244140625 786.510009765625 786.0900268554688 785.6699829101562 784.6199951171875 784.02001953125 783.47998046875 782.9299926757812 781.6300048828125 780.969970703125 780.1799926757812 779.4500122070312
781.6599731445312 781.030029296875 780.6799926757812 780.3800048828125 780.4000244140625 780.6799926757812 781.1500244140625 781.5999755859375 782.0900268554688 783.0900268554688 783.5499877929688 783.9299926757812 784.3900146484375 785.1799926757812 785.6199951171875 786.1500244140625 786.77001953125 788.0599975585938 788.3599853515625 788.2999877929688 788.239990234375 788.1599731445312 788.2999877929688 788.3400268554688 788.469970703125 788.469970703125 788.4500122070312 788.4400024414062 788.239990234375 787.8400268554688 787.6300048828125 787.4000244140625 787.1900024414062 786.6799926757812 786.52001953125 786.0 785.6400146484375 784.5399780273438 783.8699951171875 783.25 782.6199951171875 781.3400268554688 780.6400146484375 779.9299926757812 779.2000122070312
782.02001953125 781.4099731445312 781.0800170898438 780.8800048828125 780.9600219726562 781.25 781.6699829101562 782.1199951171875 782.6199951171875 783.5800170898438 783.989990234375 784.4600219726562 784.8499755859375 785.6500244140625 786.1199951171875 786.760009765625 787.4099731445312 788.5900268554688 788.5800170898438 788.4600219726562 788.3800048828125 788.47998046875 788.5999755859375 788.719970703125 788.739990234375 788.75 788.75 788.72998046875 788.52001953125 788.0 787.7999877929688 787.5599975585938 787.3599853515625 786.780029296875 786.5800170898438 786.030029296875 785.5700073242188 784.4199829101562 783.7100219726562 783.030029296875 782.3800048828125 781.1199951171875 780.4199829101562 779.6500244140625 778.8699951171875
782.6300048828125 782.030029296875 781.780029296875 781.780029296875 781.9500122070312 782.2000122070312 782.5499877929688 782.969970703125 783.3800048828125 784.280029296875 784.75 785.1400146484375 785.5499877929688 786.4299926757812 787.0800170898438 787.72998046875 788.4299926757812 788.989990234375 788.8499755859375 788.6900024414062 788.5999755859375 789.010009765625 789.1300048828125 789.1699829101562 789.1900024414062 789.219970703125 789.1500244140625 789.0999755859375 788.8599853515625 788.3099975585938 788.0700073242188 787.8099975585938 787.52001953125 786.8400268554688 786.6400146484375 785.9299926757812 785.469970703125 784.219970703125 783.4600219726562 782.8099975585938 782.1199951171875 780.7899780273438 780.0399780273438 779.280029296875 778.3800048828125
783.260009765625 782.7000122070312 782.5800170898438 782.739990234375 782.9199829101562 783.260009765625 783.5900268554688 783.9199829101562 784.27001953125 785.0800170898438 785.4400024414062 785.9099731445312 786.3200073242188 787.4400024414062 788.0999755859375 788.7899780273438 789.3099975585938 789.27001953125 789.0800170898438 789.010009765625 789.0599975585938 789.5399780273438 789.6199951171875 789.6799926757812 789.739990234375 789.75 789.5499877929688 789.469970703125 789.1099853515625 788.5399780273438 788.219970703125 787.9400024414062 787.6099853515625 786.8400268554688 786.5999755859375 785.8599853515625 785.2899780273438 783.9099731445312 783.219970703125 782.52001953125 781.8300170898438 780.4199829101562 779.6500244140625 778.7100219726562 777.8200073242188
783.6599731445312 783.1699829101562 783.25 783.3599853515625 783.5800170898438 783.8900146484375 784.2899780273438 784.5399780273438 784.9000244140625 785.6400146484375 786.030029296875 786.4199829101562 786.969970703125 788.1699829101562 788.8300170898438 789.4400024414062 789.6300048828125 789.3800048828125 789.2100219726562 789.3499755859375 789.47998046875 789.9299926757812 789.969970703125 790.0499877929688 790.0900268554688 789.97998046875 789.7899780273438 789.6699829101562 789.280029296875 788.5900268554688 788.2999877929688 787.9199829101562 787.6900024414062 786.8400268554688 786.5999755859375 785.760009765625 785.1300048828125 783.719970703125 782.989990234375 782.3699951171875 781.6300048828125 780.1599731445312 779.239990234375 778.3800048828125 777.47998046875
784.3699951171875 784.0800170898438 784.239990234375 784.4199829101562 784.6199951171875 784.97998046875 785.3099975585938 785.5800170898438 785.8200073242188 786.52001953125 786.9500122070312 787.469970703125 788.010009765625 789.3300170898438 789.8800048828125 790.1099853515625 789.969970703125 789.6500244140625 789.7899780273438 790.010009765625 790.1300048828125 790.489990234375 790.469970703125 790.510009765625 790.530029296875 790.4500122070312 790.2000122070312 790.0599975585938 789.530029296875 788.7000122070312 788.3200073242188 787.9600219726562 787.6400146484375 786.72998046875 786.469970703125 785.5599975585938 784.8900146484375 783.3800048828125 782.7100219726562 781.97998046875 781.4199829101562 779.7999877929688 778.9400024414062 778.0399780273438 777.0999755859375
784.6199951171875 784.4099731445312 784.5999755859375 784.780029296875 784.97998046875 785.2999877929688 785.6500244140625 785.9000244140625 786.1599731445312 786.8699951171875 787.3300170898438 787.8200073242188 788.4000244140625 789.7000122070312 790.1300048828125 790.2100219726562 790.0499877929688 789.8200073242188 790.030029296875 790.239990234375 790.3599853515625 790.6500244140625 790.6500244140625 790.6300048828125 790.6799926757812 790.6099853515625 790.3599853515625 790.219970703125 789.6599731445312 788.739990234375 788.3699951171875 787.9199829101562 787.6400146484375 786.7000122070312 786.4299926757812 785.489990234375 784.760009765625 783.2899780273438 782.5700073242188 781.8699951171875 781.1199951171875 779.47998046875 778.5900268554688 777.6199951171875 776.8200073242188
785.7000122070312 785.8300170898438 786.0 786.1599731445312 786.2899780273438 786.6099853515625 786.97998046875 787.280029296875 787.5700073242188 788.4000244140625 788.9299926757812 789.469970703125 790.0700073242188 790.8200073242188 790.7000122070312 790.5399780273438 790.3699951171875 790.780029296875 790.97998046875 791.22998046875 791.3400268554688 791.239990234375 791.1799926757812 791.1699829101562 791.2000122070312 791.22998046875 790.9600219726562 790.760009765625 790.010009765625 788.8800048828125 788.4400024414062 788.030029296875 787.5900268554688 786.47998046875 786.1799926757812 785.0700073242188 784.3499755859375 782.8099975585938 782.1300048828125 781.3300170898438 780.5700073242188 778.8200073242188 778.0 777.0399780273438 776.1500244140625
786.239990234375 786.489990234375 786.6599731445312 786.8200073242188 786.97998046875 787.280029296875 787.6599731445312 787.97998046875 788.3800048828125 789.280029296875 789.7999877929688 790.3499755859375 790.8800048828125 790.989990234375 790.8400268554688 790.6500244140625 790.75 791.25 791.489990234375 791.719970703125 791.760009765625 791.530029296875 791.4000244140625 791.3599853515625 791.3200073242188 791.27001953125 791.0599975585938 790.8800048828125 790.1500244140625 789.010009765625 788.5 788.0399780273438 787.5599975585938 786.3599853515625 786.0 784.9500122070312 784.1099853515625 782.6599731445312 781.8499755859375 781.1099853515625 780.22998046875 778.5800170898438 777.7000122070312 776.7899780273438 776.0
786.8699951171875 787.1599731445312 787.3200073242188 787.489990234375 787.6400146484375 788.0 788.4099731445312 788.760009765625 789.1699829101562 790.1300048828125 790.6199951171875 791.0999755859375 791.3800048828125 791.1599731445312 790.969970703125 791.0 791.2899780273438 791.77001953125 791.97998046875 792.1199951171875 792.1699829101562 791.8099975585938 791.6599731445312 791.5499877929688 791.469970703125 791.2899780273438 791.0800170898438 790.9099731445312 790.1900024414062 789.0900268554688 788.5399780273438 788.0399780273438 787.5700073242188 786.219970703125 785.8900146484375 784.739990234375 783.97998046875 782.4000244140625 781.6400146484375 780.77001953125 779.8900146484375 778.239990234375 777.3699951171875 776.530029296875 775.6199951171875
787.6199951171875 787.8599853515625 788.010009765625 788.1099853515625 788.3200073242188 788.719970703125 789.280029296875 789.5999755859375 789.989990234375 790.9600219726562 791.4199829101562 791.6400146484375 791.5599975585938 791.260009765625 791.2999877929688 791.5800170898438 791.8400268554688 792.27001953125 792.469970703125 792.5 792.47998046875 792.0900268554688 791.9099731445312 791.760009765625 791.6099853515625 791.3300170898438 791.0999755859375 790.9199829101562 790.2999877929688 789.1900024414062 788.6300048828125 788.0599975585938 787.5399780273438 786.1500244140625 785.739990234375 784.6500244140625 783.8300170898438 782.27001953125 781.3499755859375 780.5 779.7100219726562 777.9500122070312 777.1300048828125 776.2100219726562 775.4000244140625
789.1500244140625 789.25 789.3800048828125 789.6500244140625 789.9500122070312 790.489990234375 790.9299926757812 791.2999877929688 791.6900024414062 792.2899780273438 792.1900024414062 792.0900268554688 791.9099731445312 792.2000122070312 792.5499877929688 792.8699951171875 793.0900268554688 793.2999877929688 793.2899780273438 793.1900024414062 793.1099853515625 792.5800170898438 792.4299926757812 792.27001953125 792.010009765625 791.47998046875 791.260009765625 791.1099853515625 790.5 789.4400024414062 788.8599853515625 788.25 787.5599975585938 786.0700073242188 785.6500244140625 784.3900146484375 783.6099853515625 781.8900146484375 781.1099853515625 780.1799926757812 779.3699951171875 777.5700073242188 776.739990234375 775.7899780273438 774.9299926757812
790.3499755859375 790.510009765625 790.7100219726562 791.0499877929688 791.3800048828125 791.8499755859375 792.2999877929688 792.5900268554688 792.7999877929688 792.6099853515625 792.5 792.3200073242188 792.52001953125 793.1799926757812 793.530029296875 793.77001953125 793.9400024414062 793.97998046875 793.8300170898438 793.6500244140625 793.5499877929688 793.0700073242188 792.8200073242188 792.5999755859375 792.27001953125 791.6699829101562 791.4299926757812 791.2999877929688 790.719970703125 789.6699829101562 789.0599975585938 788.3499755859375 787.5999755859375 785.9500122070312 785.5599975585938 784.3699951171875 783.469970703125 781.8200073242188 780.9199829101562 780.1199951171875 779.22998046875 777.5 776.5999755859375 775.739990234375 774.7999877929688
