Scenarios/Scenario_4/topofan.asc
ncols         284
nrows         284
xllcorner     447870.77536271466
yllcorner     252404.11650858543
cellsize      2.5
NODATA_value  -9999
[rows 0 to 19 of 284, columns 45 to 89 of 284]
694.2899780273438 694.2899780273438 694.2899780273438 694.2899780273438 694.2899780273438 694.3200073242188 694.3499755859375 694.3599853515625 694.4299926757812 694.6300048828125 694.7100219726562 694.8200073242188 694.7999877929688 694.760009765625 694.8099975585938 694.9600219726562 695.0599975585938 695.1300048828125 695.0399780273438 695.0900268554688 695.0800170898438 694.7100219726562 694.739990234375 695.0499877929688 695.6599731445312 696.4400024414062 695.9400024414062 695.72998046875 695.4299926757812 695.3300170898438 695.2999877929688 695.22998046875 695.1599731445312 695.0499877929688 695.1199951171875 695.1699829101562 695.1500244140625 695.1300048828125 695.1500244140625 695.1599731445312 695.1900024414062 695.239990234375 694.0800170898438 693.1500244140625 692.8200073242188
694.4000244140625 694.4600219726562 694.52001953125 694.2899780273438 694.2899780273438 694.3099975585938 694.3499755859375 694.4299926757812 694.4299926757812 694.6500244140625 694.8800048828125 694.8499755859375 694.7999877929688 694.7999877929688 694.8200073242188 694.9099731445312 695.0700073242188 695.1099853515625 695.1699829101562 695.1300048828125 695.1400146484375 694.969970703125 694.989990234375 695.4099731445312 695.9500122070312 696.5399780273438 696.1400146484375 695.8699951171875 695.52001953125 695.4199829101562 695.3699951171875 695.2999877929688 695.25 695.1900024414062 695.2000122070312 695.1599731445312 695.1699829101562 695.1599731445312 695.1799926757812 695.22998046875 695.3200073242188 695.52001953125 695.0 693.7100219726562 692.9299926757812
694.4099731445312 694.4000244140625 694.4000244140625 694.5399780273438 694.739990234375 694.75 694.3800048828125 694.3900146484375 694.469970703125 694.7000122070312 694.75 694.7899780273438 694.780029296875 694.8599853515625 695.0700073242188 694.989990234375 695.0499877929688 695.0999755859375 695.1199951171875 695.219970703125 695.260009765625 695.3099975585938 695.3499755859375 695.4199829101562 695.4199829101562 695.5399780273438 695.5900268554688 695.52001953125 695.469970703125 695.510009765625 695.6099853515625 695.52001953125 695.4600219726562 695.4000244140625 695.3499755859375 695.3099975585938 695.3699951171875 695.4500122070312 695.4299926757812 695.4400024414062 695.4299926757812 695.4600219726562 695.4500122070312 695.4500122070312 695.27001953125
694.4099731445312 694.4000244140625 694.4000244140625 694.5399780273438 694.6300048828125 694.77001953125 694.5 694.3599853515625 694.4099731445312 694.6699829101562 694.719970703125 694.739990234375 694.760009765625 694.9199829101562 695.1400146484375 694.97998046875 695.0 695.1199951171875 695.1199951171875 695.219970703125 695.280029296875 695.3200073242188 695.3699951171875 695.4299926757812 695.4199829101562 695.4299926757812 695.469970703125 695.47998046875 695.4500122070312 695.4600219726562 695.5999755859375 695.52001953125 695.469970703125 695.4600219726562 695.4400024414062 695.3300170898438 695.3599853515625 695.4500122070312 695.5 695.4600219726562 695.4500122070312 695.4299926757812 695.6400146484375 695.4600219726562 695.5
694.4000244140625 694.4000244140625 694.4199829101562 694.489990234375 694.530029296875 694.6099853515625 694.6799926757812 694.5599975585938 694.5999755859375 694.77001953125 694.8800048828125 694.75 694.77001953125 695.0399780273438 695.030029296875 694.97998046875 695.030029296875 695.1199951171875 695.1799926757812 695.1900024414062 695.2100219726562 695.3800048828125 695.3900146484375 695.4199829101562 695.3699951171875 695.4400024414062 695.4400024414062 695.4500122070312 695.4600219726562 695.489990234375 695.530029296875 695.52001953125 695.5 695.4500122070312 695.4400024414062 695.4099731445312 695.3900146484375 695.4400024414062 695.4199829101562 695.4099731445312 695.4099731445312 695.4099731445312 695.6099853515625 695.6099853515625 695.5599975585938
694.4199829101562 694.4299926757812 694.4600219726562 694.4500122070312 694.489990234375 694.5999755859375 694.7999877929688 694.989990234375 695.2100219726562 694.8400268554688 694.9099731445312 694.7999877929688 694.719970703125 695.0599975585938 694.9500122070312 695.0 695.02001953125 695.1099853515625 695.1500244140625 695.25 695.3200073242188 695.4000244140625 695.3800048828125 695.3699951171875 695.3699951171875 695.4000244140625 695.469970703125 695.5 695.5 695.530029296875 695.6099853515625 695.5399780273438 695.47998046875 695.4500122070312 695.4400024414062 695.47998046875 695.4400024414062 695.4000244140625 695.4000244140625 695.4099731445312 695.4099731445312 695.4099731445312 695.4500122070312 695.7000122070312 695.6900024414062
694.4299926757812 694.469970703125 694.4500122070312 694.5499877929688 694.5700073242188 694.6099853515625 694.6099853515625 694.6099853515625 694.7100219726562 694.77001953125 694.6900024414062 694.6900024414062 694.6900024414062 694.8099975585938 694.8800048828125 694.9000244140625 694.97998046875 695.0700073242188 695.1799926757812 695.3900146484375 695.530029296875 695.5 695.4299926757812 695.4099731445312 695.4400024414062 695.3699951171875 695.4199829101562 695.4600219726562 695.5399780273438 695.5 695.5800170898438 695.5399780273438 695.5 695.4400024414062 695.4400024414062 695.469970703125 695.489990234375 695.530029296875 695.52001953125 695.5 695.469970703125 695.4199829101562 695.4099731445312 695.489990234375 695.5599975585938
694.530029296875 694.530029296875 694.5499877929688 694.6300048828125 694.5999755859375 694.6500244140625 694.6099853515625 694.7000122070312 694.6900024414062 694.8099975585938 694.7999877929688 694.6900024414062 694.6900024414062 694.7000122070312 694.8099975585938 694.8800048828125 694.9400024414062 695.0599975585938 695.239990234375 695.530029296875 695.5700073242188 695.52001953125 695.5499877929688 695.530029296875 695.47998046875 695.4099731445312 695.4099731445312 695.4099731445312 695.510009765625 695.510009765625 695.5700073242188 695.5 695.4600219726562 695.4400024414062 695.4400024414062 695.530029296875 695.5599975585938 695.5 695.5 695.489990234375 695.5 695.4600219726562 695.4299926757812 695.4299926757812 695.530029296875
694.6300048828125 694.7000122070312 694.6799926757812 694.5900268554688 694.5900268554688 694.6400146484375 694.6099853515625 694.6799926757812 694.72998046875 694.739990234375 694.77001953125 694.6900024414062 694.72998046875 694.7000122070312 694.8400268554688 694.8499755859375 694.8900146484375 695.1199951171875 695.4400024414062 695.5999755859375 695.6300048828125 695.6599731445312 695.5999755859375 695.5399780273438 695.47998046875 695.4099731445312 695.4099731445312 695.4099731445312 695.4500122070312 695.4600219726562 695.510009765625 695.489990234375 695.4600219726562 695.469970703125 695.469970703125 695.5700073242188 695.6300048828125 695.6099853515625 695.5800170898438 695.5399780273438 695.510009765625 695.47998046875 695.469970703125 695.4400024414062 695.469970703125
694.719970703125 694.6500244140625 694.6300048828125 694.5900268554688 694.5900268554688 694.6400146484375 694.7000122070312 694.6500244140625 694.6699829101562 694.7100219726562 694.72998046875 694.760009765625 694.6900024414062 694.8300170898438 694.8099975585938 694.8300170898438 694.8599853515625 695.219970703125 695.52001953125 695.5800170898438 695.6099853515625 695.530029296875 695.47998046875 695.4500122070312 695.4299926757812 695.4099731445312 695.4099731445312 695.4099731445312 695.4299926757812 695.489990234375 695.489990234375 695.4600219726562 695.4400024414062 695.5 695.510009765625 695.6300048828125 695.6900024414062 695.719970703125 695.6900024414062 695.6599731445312 695.6199951171875 695.5599975585938 695.530029296875 695.489990234375 695.469970703125
694.75 694.6099853515625 694.6099853515625 694.7000122070312 694.760009765625 694.6500244140625 694.6500244140625 694.6699829101562 694.6500244140625 694.6500244140625 694.6500244140625 694.7100219726562 694.7100219726562 694.75 694.77001953125 694.8400268554688 694.9500122070312 695.5599975585938 695.6099853515625 695.6699829101562 695.6900024414062 695.5399780273438 695.52001953125 695.5 695.47998046875 695.4500122070312 695.4299926757812 695.4199829101562 695.4299926757812 695.4299926757812 695.4400024414062 695.4400024414062 695.4400024414062 695.530029296875 695.6099853515625 695.75 695.8099975585938 695.9199829101562 695.9099731445312 695.8800048828125 695.8400268554688 695.780029296875 695.75 695.7100219726562 695.6400146484375
694.8200073242188 694.6099853515625 694.6099853515625 694.6400146484375 694.6699829101562 694.6500244140625 694.6500244140625 694.6799926757812 694.6500244140625 694.6500244140625 694.6599731445312 694.6500244140625 694.7000122070312 694.8300170898438 694.7899780273438 694.8499755859375 695.02001953125 695.6099853515625 695.6199951171875 695.6599731445312 695.6900024414062 695.5700073242188 695.5499877929688 695.530029296875 695.510009765625 695.469970703125 695.4600219726562 695.4500122070312 695.4400024414062 695.5 695.4400024414062 695.4600219726562 695.510009765625 695.5800170898438 695.6199951171875 695.780029296875 695.8699951171875 695.989990234375 696.02001953125 695.989990234375 695.9500122070312 695.8900146484375 695.8599853515625 695.8099975585938 695.739990234375
694.780029296875 694.6099853515625 694.6199951171875 694.6599731445312 694.6799926757812 694.6599731445312 694.6500244140625 694.6500244140625 694.6500244140625 694.6500244140625 694.6500244140625 694.6500244140625 694.77001953125 694.8099975585938 694.8200073242188 694.9600219726562 695.239990234375 695.5999755859375 695.6599731445312 695.6599731445312 695.6799926757812 695.5999755859375 695.5800170898438 695.5599975585938 695.5399780273438 695.5 695.489990234375 695.47998046875 695.469970703125 695.4400024414062 695.4400024414062 695.4400024414062 695.4500122070312 695.6199951171875 695.6599731445312 695.7899780273438 695.8900146484375 696.0499877929688 696.1099853515625 696.0999755859375 696.0599975585938 696.0 695.9600219726562 695.9000244140625 695.8599853515625
694.8499755859375 694.7899780273438 694.6799926757812 694.7100219726562 694.72998046875 694.6799926757812 694.6900024414062 694.6500244140625 694.6500244140625 694.6500244140625 694.6500244140625 694.6500244140625 694.6500244140625 694.8200073242188 694.9000244140625 695.0900268554688 695.469970703125 695.6099853515625 695.6699829101562 695.6799926757812 695.6799926757812 695.6199951171875 695.5999755859375 695.5800170898438 695.5599975585938 695.530029296875 695.52001953125 695.510009765625 695.5 695.4400024414062 695.4600219726562 695.4400024414062 695.47998046875 695.72998046875 695.760009765625 695.8300170898438 695.9099731445312 696.1099853515625 696.1699829101562 696.2100219726562 696.1799926757812 696.1099853515625 696.0599975585938 696.010009765625 695.989990234375
694.97998046875 694.8599853515625 694.8300170898438 694.8099975585938 694.7999877929688 694.780029296875 694.72998046875 694.739990234375 694.6900024414062 694.9500122070312 695.0700073242188 695.030029296875 695.0599975585938 694.9099731445312 695.2000122070312 695.4299926757812 695.530029296875 695.5599975585938 695.5800170898438 695.6199951171875 695.6400146484375 695.6900024414062 695.6599731445312 695.6400146484375 695.6199951171875 695.5999755859375 695.6099853515625 695.5900268554688 695.489990234375 695.4400024414062 695.4400024414062 695.4500122070312 695.4400024414062 695.6900024414062 695.77001953125 696.030029296875 696.1300048828125 696.1699829101562 696.239990234375 696.3400268554688 696.3900146484375 696.3200073242188 696.2899780273438 696.260009765625 696.2999877929688
695.010009765625 694.9099731445312 694.8599853515625 694.8800048828125 694.8699951171875 694.8099975585938 694.8699951171875 694.8400268554688 694.7999877929688 695.1199951171875 695.0700073242188 695.0800170898438 695.0700073242188 695.02001953125 695.2999877929688 695.4400024414062 695.489990234375 695.5499877929688 695.5700073242188 695.6099853515625 695.6099853515625 695.6799926757812 695.6900024414062 695.6699829101562 695.6699829101562 695.6099853515625 695.5399780273438 695.5 695.4400024414062 695.6500244140625 695.510009765625 695.530029296875 695.5700073242188 695.739990234375 695.7999877929688 696.0 696.1599731445312 696.3200073242188 696.3200073242188 696.3699951171875 696.4500122070312 696.4400024414062 696.4099731445312 696.3900146484375 696.47998046875
694.969970703125 695.0499877929688 695.02001953125 694.9500122070312 694.9099731445312 694.9500122070312 694.97998046875 694.9299926757812 694.97998046875 695.1599731445312 695.0999755859375 695.1400146484375 695.1199951171875 695.1300048828125 695.3499755859375 695.4000244140625 695.3900146484375 695.47998046875 695.5499877929688 695.5599975585938 695.5800170898438 695.5900268554688 695.6900024414062 695.719970703125 695.6500244140625 695.52001953125 695.4600219726562 695.469970703125 695.4400024414062 695.47998046875 695.6199951171875 695.6099853515625 695.7000122070312 695.9299926757812 695.969970703125 696.1099853515625 696.1900024414062 696.469970703125 696.5399780273438 696.5 696.510009765625 696.52001953125 696.530029296875 696.5399780273438 696.6500244140625
695.0399780273438 695.02001953125 694.989990234375 694.9299926757812 694.9299926757812 694.989990234375 695.010009765625 695.02001953125 695.0700073242188 695.1699829101562 695.1199951171875 695.1599731445312 695.0900268554688 695.1900024414062 695.2999877929688 695.3300170898438 695.3900146484375 695.489990234375 695.5399780273438 695.530029296875 695.5599975585938 695.5999755859375 695.6199951171875 695.6799926757812 695.6699829101562 695.5 695.4600219726562 695.4600219726562 695.4400024414062 695.4400024414062 695.6199951171875 695.5999755859375 695.6699829101562 695.9299926757812 696.0 696.1799926757812 696.260009765625 696.47998046875 696.6099853515625 696.6300048828125 696.5499877929688 696.489990234375 696.5599975585938 696.5900268554688 696.72998046875
695.1799926757812 695.0399780273438 695.030029296875 695.0599975585938 695.030029296875 695.0499877929688 695.1699829101562 695.2100219726562 695.2100219726562 695.25 695.25 695.25 695.280029296875 695.3400268554688 695.4199829101562 695.4099731445312 695.5 695.6500244140625 695.6099853515625 695.5499877929688 695.5399780273438 695.510009765625 695.489990234375 695.5399780273438 695.5399780273438 695.4400024414062 695.4400024414062 695.4400024414062 695.4400024414062 695.4600219726562 695.5599975585938 695.5399780273438 695.5599975585938 695.7899780273438 695.8599853515625 696.0499877929688 696.1799926757812 696.4099731445312 696.489990234375 696.4299926757812 696.52001953125 696.3499755859375 696.3400268554688 696.3900146484375 696.4400024414062
695.1699829101562 695.1400146484375 695.0999755859375 695.1099853515625 695.030029296875 695.1799926757812 695.219970703125 695.239990234375 695.3400268554688 695.2999877929688 695.2999877929688 695.4400024414062 695.4400024414062 695.3300170898438 695.4400024414062 695.4299926757812 695.52001953125 695.6900024414062 695.6599731445312 695.5900268554688 695.5999755859375 695.4600219726562 695.4500122070312 695.4600219726562 695.47998046875 695.4400024414062 695.4400024414062 695.4600219726562 695.469970703125 695.47998046875 695.5399780273438 695.5399780273438 695.5800170898438 695.72998046875 695.7899780273438 695.97998046875 696.0999755859375 696.2899780273438 696.3499755859375 696.4500122070312 696.5499877929688 696.3200073242188 696.3499755859375 696.3200073242188 696.3300170898438
