Scenarios/Scenario_4/topofan.asc
ncols         284
nrows         284
xllcorner     447870.77536271466
yllcorner     252404.11650858543
cellsize      2.5
NODATA_value  -9999
[rows 160 to 179 of 284, columns 90 to 134 of 284]
772.9600219726562 772.0399780273438 771.1300048828125 769.8599853515625 768.8599853515625 768.3400268554688 768.4000244140625 768.47998046875 767.489990234375 765.9199829101562 763.8200073242188 763.1599731445312 760.47998046875 759.27001953125 757.8599853515625 756.27001953125 752.77001953125 750.4500122070312 749.5900268554688 747.760009765625 745.0900268554688 744.1400146484375 743.1799926757812 742.2999877929688 741.989990234375 741.969970703125 741.6799926757812 741.0800170898438 740.6900024414062 740.3900146484375 740.1300048828125 739.8900146484375 739.469970703125 739.0999755859375 739.0399780273438 738.8800048828125 738.0800170898438 737.8300170898438 737.5900268554688 737.3300170898438 737.010009765625 736.739990234375 735.969970703125 734.7999877929688 732.5800170898438
772.9299926757812 772.030029296875 771.0999755859375 769.8499755859375 768.6599731445312 768.1500244140625 768.1900024414062 768.27001953125 767.22998046875 765.9400024414062 763.8499755859375 763.27001953125 760.4199829101562 759.0499877929688 757.6099853515625 755.9500122070312 752.6300048828125 750.0499877929688 749.280029296875 747.6500244140625 744.969970703125 743.989990234375 743.010009765625 742.3400268554688 742.1400146484375 742.0599975585938 741.510009765625 741.27001953125 740.8099975585938 740.510009765625 740.2100219726562 739.9099731445312 739.3099975585938 739.0800170898438 739.02001953125 738.8300170898438 738.1799926757812 737.9299926757812 737.719970703125 737.239990234375 736.8699951171875 736.6500244140625 736.4400024414062 736.0900268554688 733.760009765625
772.989990234375 772.0900268554688 771.1699829101562 769.7999877929688 768.5399780273438 767.8400268554688 767.760009765625 767.8300170898438 767.02001953125 765.739990234375 763.8099975585938 763.0999755859375 760.25 758.7100219726562 756.989990234375 755.27001953125 751.9199829101562 749.5999755859375 748.8200073242188 747.1300048828125 744.6400146484375 743.7100219726562 742.9500122070312 742.8900146484375 742.0599975585938 741.510009765625 741.260009765625 741.3900146484375 740.9099731445312 740.6300048828125 740.3400268554688 740.0399780273438 739.4400024414062 739.1799926757812 739.0 738.6099853515625 738.780029296875 739.02001953125 738.1699829101562 737.02001953125 736.52001953125 736.3400268554688 736.1799926757812 735.97998046875 735.5900268554688
773.02001953125 772.0900268554688 771.1199951171875 769.8300170898438 768.5900268554688 767.8099975585938 767.530029296875 767.6300048828125 766.9600219726562 765.6400146484375 763.5999755859375 762.989990234375 760.0999755859375 758.489990234375 756.9099731445312 755.0700073242188 751.760009765625 749.2100219726562 748.4400024414062 746.9099731445312 744.530029296875 743.5800170898438 743.1099853515625 743.0900268554688 741.7899780273438 741.3900146484375 741.3400268554688 741.4199829101562 740.760009765625 740.469970703125 740.1900024414062 739.9099731445312 739.3300170898438 739.1099853515625 739.0 738.5399780273438 738.9099731445312 738.8800048828125 738.1099853515625 736.969970703125 736.510009765625 736.3599853515625 736.030029296875 735.8200073242188 735.469970703125
773.0 772.030029296875 771.1699829101562 769.7999877929688 768.6699829101562 767.7100219726562 767.3599853515625 767.4199829101562 766.9099731445312 765.5700073242188 763.47998046875 762.8200073242188 759.8499755859375 758.1099853515625 756.4299926757812 754.52001953125 751.27001953125 749.0 748.219970703125 746.6400146484375 744.3499755859375 743.5399780273438 743.3900146484375 743.3200073242188 741.6599731445312 741.4000244140625 741.4099731445312 741.52001953125 740.9400024414062 740.47998046875 740.1099853515625 739.8099975585938 739.219970703125 739.1300048828125 739.0 738.5900268554688 739.02001953125 738.760009765625 738.0499877929688 736.9500122070312 736.530029296875 736.4000244140625 736.25 735.8200073242188 735.3300170898438
772.9600219726562 772.0800170898438 771.1199951171875 769.9000244140625 768.6799926757812 767.6599731445312 767.1500244140625 767.22998046875 766.780029296875 765.5399780273438 763.280029296875 762.5800170898438 759.469970703125 757.6900024414062 756.0800170898438 754.1799926757812 751.02001953125 748.8099975585938 747.9600219726562 746.5 744.1300048828125 743.6900024414062 743.6400146484375 743.52001953125 741.8300170898438 741.6300048828125 741.5 741.5399780273438 741.3599853515625 740.8499755859375 740.3300170898438 739.8499755859375 739.2100219726562 739.1099853515625 739.0 738.6199951171875 739.0900268554688 738.6400146484375 737.9299926757812 736.8699951171875 736.4000244140625 736.1699829101562 735.9500122070312 735.719970703125 735.27001953125
772.9099731445312 772.0599975585938 771.25 770.2000122070312 768.530029296875 767.1099853515625 766.5999755859375 766.7000122070312 766.489990234375 765.75 763.0499877929688 762.1599731445312 758.6500244140625 756.760009765625 754.8800048828125 753.2100219726562 750.3499755859375 748.1500244140625 747.3900146484375 745.4299926757812 744.22998046875 744.239990234375 744.1799926757812 744.010009765625 741.8800048828125 741.8800048828125 741.8800048828125 741.6400146484375 741.7899780273438 741.8499755859375 741.2999877929688 740.5 739.3499755859375 739.3200073242188 738.9600219726562 738.6599731445312 739.030029296875 738.3300170898438 737.6500244140625 736.6599731445312 736.0700073242188 735.7000122070312 735.3599853515625 735.0399780273438 734.9000244140625
772.9299926757812 772.030029296875 771.2999877929688 770.1199951171875 768.3800048828125 767.0599975585938 766.4400024414062 766.5800170898438 766.4299926757812 765.5999755859375 762.9000244140625 762.0 758.4600219726562 756.530029296875 754.6900024414062 753.010009765625 750.2100219726562 747.9299926757812 747.0900268554688 745.25 744.3499755859375 744.3499755859375 744.27001953125 744.1400146484375 741.9000244140625 741.9299926757812 741.8800048828125 741.8499755859375 741.8800048828125 741.9199829101562 741.3300170898438 740.5 739.3800048828125 739.27001953125 738.9400024414062 738.6699829101562 738.9400024414062 738.27001953125 737.5800170898438 736.5999755859375 735.9500122070312 735.5 735.0800170898438 734.760009765625 734.75
772.9099731445312 772.0900268554688 771.3699951171875 770.010009765625 768.22998046875 766.8900146484375 766.239990234375 766.3800048828125 766.1500244140625 765.030029296875 762.6500244140625 761.7899780273438 758.0499877929688 756.2100219726562 754.4400024414062 752.719970703125 749.8699951171875 747.489990234375 746.6500244140625 745.0999755859375 744.6099853515625 744.5900268554688 744.47998046875 744.3099975585938 741.8800048828125 741.8800048828125 741.8800048828125 741.8900146484375 741.9099731445312 741.9099731445312 741.3400268554688 740.3400268554688 739.3900146484375 739.25 738.989990234375 738.7100219726562 738.8800048828125 738.1799926757812 737.47998046875 736.489990234375 735.8800048828125 735.4500122070312 734.97998046875 734.4000244140625 734.280029296875
772.9500122070312 772.22998046875 771.4299926757812 769.8300170898438 768.1099853515625 766.8300170898438 766.0800170898438 766.1500244140625 766.0800170898438 764.8300170898438 762.510009765625 761.489990234375 757.77001953125 755.9400024414062 754.27001953125 752.5599975585938 749.5 747.0800170898438 746.260009765625 745.25 744.8699951171875 744.7999877929688 744.6300048828125 744.3900146484375 742.1699829101562 742.010009765625 741.8900146484375 741.8800048828125 741.9000244140625 741.9099731445312 741.4400024414062 740.9600219726562 739.8300170898438 739.52001953125 738.8699951171875 738.719970703125 738.6599731445312 738.0599975585938 737.3699951171875 736.4099731445312 735.780029296875 735.3599853515625 734.8800048828125 734.1400146484375 733.989990234375
773.1500244140625 772.22998046875 771.3200073242188 769.5700073242188 767.5900268554688 766.1699829101562 765.5800170898438 765.7100219726562 765.469970703125 764.3099975585938 761.7999877929688 760.8800048828125 757.3599853515625 755.7000122070312 753.8900146484375 752.3099975585938 749.0499877929688 746.4299926757812 745.969970703125 745.7000122070312 745.3200073242188 745.2000122070312 744.719970703125 744.3699951171875 743.0 742.5399780273438 741.8800048828125 741.719970703125 742.0599975585938 742.0700073242188 741.8800048828125 741.0599975585938 740.52001953125 740.25 738.9000244140625 738.75 738.1300048828125 737.5999755859375 737.010009765625 736.1799926757812 735.2999877929688 734.719970703125 734.1300048828125 734.010009765625 733.9400024414062
773.219970703125 772.0800170898438 770.969970703125 769.2999877929688 767.4600219726562 766.010009765625 765.3800048828125 765.5499877929688 765.1699829101562 763.8400268554688 761.25 760.4299926757812 757.02001953125 755.3300170898438 753.739990234375 752.1300048828125 748.9000244140625 746.3699951171875 745.9600219726562 745.75 745.5700073242188 745.280029296875 744.5599975585938 744.3400268554688 743.5800170898438 742.8699951171875 741.989990234375 741.530029296875 741.9000244140625 741.9600219726562 741.8599853515625 741.2100219726562 740.5700073242188 740.1699829101562 738.7999877929688 738.77001953125 737.8099975585938 737.3699951171875 736.739990234375 736.030029296875 735.3200073242188 734.7899780273438 734.22998046875 733.97998046875 733.989990234375
773.1400146484375 771.8599853515625 770.5700073242188 769.02001953125 767.4400024414062 765.8699951171875 765.219970703125 765.3599853515625 764.8300170898438 763.3499755859375 760.6199951171875 759.8099975585938 756.72998046875 755.1799926757812 753.6300048828125 752.0399780273438 748.77001953125 746.469970703125 746.1199951171875 745.8200073242188 745.8200073242188 745.3699951171875 744.530029296875 744.3900146484375 743.72998046875 743.0700073242188 742.0999755859375 741.510009765625 741.6500244140625 741.5900268554688 741.3800048828125 741.010009765625 740.5499877929688 740.1400146484375 738.7100219726562 738.7000122070312 737.489990234375 736.9299926757812 736.5599975585938 736.02001953125 735.4099731445312 734.9500122070312 734.489990234375 734.0700073242188 734.0700073242188
773.030029296875 771.6699829101562 770.3800048828125 768.72998046875 767.02001953125 765.6199951171875 765.0399780273438 765.1400146484375 764.3800048828125 762.7000122070312 760.4000244140625 759.5900268554688 756.47998046875 754.9199829101562 753.2899780273438 751.77001953125 748.719970703125 746.3800048828125 746.1699829101562 746.1099853515625 745.9500122070312 745.1900024414062 744.4400024414062 744.3900146484375 743.5499877929688 743.0499877929688 742.1099853515625 741.5999755859375 741.489990234375 741.489990234375 741.47998046875 741.0599975585938 740.530029296875 739.6599731445312 738.6900024414062 738.6900024414062 737.4400024414062 737.3900146484375 737.2999877929688 736.5700073242188 735.77001953125 735.280029296875 734.780029296875 734.2899780273438 734.0599975585938
773.219970703125 771.7100219726562 770.2899780273438 768.2899780273438 766.52001953125 764.969970703125 764.5900268554688 764.72998046875 763.5999755859375 762.0800170898438 759.9500122070312 759.1799926757812 756.1199951171875 754.6799926757812 753.0599975585938 751.6099853515625 748.5800170898438 746.6900024414062 746.6300048828125 746.6199951171875 746.1599731445312 744.9600219726562 744.4600219726562 744.4099731445312 743.530029296875 743.0399780273438 742.0700073242188 741.5900268554688 741.4299926757812 741.4400024414062 741.2999877929688 740.1400146484375 738.97998046875 738.760009765625 738.6900024414062 738.6400146484375 737.5399780273438 737.6400146484375 737.530029296875 736.8499755859375 736.1699829101562 735.72998046875 735.280029296875 734.8099975585938 734.030029296875
772.969970703125 771.5 770.280029296875 768.219970703125 766.1500244140625 764.8599853515625 764.3900146484375 764.489990234375 763.3499755859375 761.739990234375 759.5700073242188 758.9199829101562 755.8499755859375 754.2899780273438 752.9299926757812 751.47998046875 748.6799926757812 747.0399780273438 746.8699951171875 746.8800048828125 746.010009765625 744.780029296875 744.3599853515625 744.1500244140625 743.3900146484375 742.989990234375 742.030029296875 741.5800170898438 741.489990234375 741.4199829101562 741.260009765625 739.97998046875 738.8599853515625 738.8099975585938 738.77001953125 738.6500244140625 737.5599975585938 737.6599731445312 737.489990234375 736.8099975585938 736.1400146484375 735.6799926757812 735.22998046875 734.780029296875 734.030029296875
772.739990234375 771.5900268554688 770.3300170898438 768.0599975585938 765.989990234375 764.6900024414062 764.1799926757812 764.3099975585938 763.1099853515625 761.5399780273438 759.2000122070312 758.4400024414062 755.6400146484375 754.260009765625 752.52001953125 751.219970703125 748.5499877929688 747.1900024414062 747.1500244140625 747.1300048828125 745.9400024414062 744.52001953125 744.0700073242188 743.8400268554688 742.9500122070312 742.8599853515625 741.989990234375 741.5800170898438 741.5599975585938 741.4500122070312 741.0399780273438 739.6900024414062 739.0399780273438 738.9500122070312 738.8900146484375 738.510009765625 737.5399780273438 737.6300048828125 737.4500122070312 736.780029296875 736.0999755859375 735.6500244140625 735.219970703125 734.780029296875 734.030029296875
772.5 771.27001953125 770.2899780273438 768.3200073242188 766.1099853515625 764.2999877929688 764.0 764.0900268554688 762.8800048828125 761.260009765625 758.989990234375 758.3400268554688 755.3599853515625 754.1199951171875 752.510009765625 751.0700073242188 748.2999877929688 747.3699951171875 747.4099731445312 747.3599853515625 745.8499755859375 744.3800048828125 743.8900146484375 743.530029296875 742.3800048828125 742.5 741.9500122070312 741.6199951171875 741.5900268554688 741.4600219726562 741.1199951171875 739.5999755859375 739.1400146484375 739.0900268554688 739.0599975585938 738.3099975585938 737.5700073242188 737.5900268554688 737.4400024414062 736.7899780273438 736.1400146484375 735.719970703125 735.2899780273438 734.8599853515625 734.0399780273438
772.75 771.530029296875 770.1699829101562 768.0900268554688 765.6300048828125 763.8900146484375 763.5399780273438 763.6300048828125 762.7000122070312 761.1599731445312 758.9099731445312 758.239990234375 754.969970703125 753.5800170898438 752.1099853515625 750.8300170898438 748.4199829101562 747.9000244140625 747.8900146484375 747.7899780273438 745.760009765625 744.4099731445312 743.9199829101562 743.3699951171875 741.52001953125 741.530029296875 741.5499877929688 741.52001953125 741.489990234375 741.4099731445312 740.489990234375 739.6599731445312 739.469970703125 739.47998046875 739.1699829101562 738.0499877929688 737.5599975585938 737.5399780273438 737.5599975585938 736.9099731445312 736.239990234375 735.7999877929688 735.3300170898438 734.8699951171875 734.030029296875
772.52001953125 771.0999755859375 769.8499755859375 767.760009765625 765.25 763.6900024414062 763.3499755859375 763.4099731445312 762.5900268554688 761.1099853515625 758.6400146484375 757.8200073242188 754.75 753.4099731445312 752.0800170898438 750.7899780273438 748.3800048828125 748.1300048828125 748.0999755859375 747.9199829101562 745.5999755859375 744.260009765625 743.5399780273438 742.97998046875 741.510009765625 741.5 741.510009765625 741.489990234375 741.47998046875 741.4600219726562 740.3800048828125 739.7899780273438 739.6599731445312 739.739990234375 739.02001953125 737.8800048828125 737.5499877929688 737.530029296875 737.3800048828125 736.75 736.1199951171875 735.6900024414062 735.25 734.7999877929688 733.97998046875
