Scenarios/Scenario_4/topofan.asc
ncols         284
nrows         284
xllcorner     447870.77536271466
yllcorner     252404.11650858543
cellsize      2.5
NODATA_value  -9999
[rows 180 to 199 of 284, columns 45 to 89 of 284]
810.47998046875 810.9299926757812 811.0399780273438 811.0599975585938 811.030029296875 810.6900024414062 810.4299926757812 810.2100219726562 809.8200073242188 808.7899780273438 808.3599853515625 807.9500122070312 807.3800048828125 806.1199951171875 805.3400268554688 804.5399780273438 803.6300048828125 801.280029296875 800.239990234375 799.25 798.7899780273438 796.6099853515625 795.77001953125 794.8900146484375 793.5399780273438 791.3599853515625 790.3699951171875 789.9299926757812 788.719970703125 787.2899780273438 786.5700073242188 785.6900024414062 784.9000244140625 783.3900146484375 783.02001953125 782.0599975585938 781.47998046875 780.3599853515625 779.8599853515625 779.4199829101562 779.0800170898438 778.3499755859375 777.5399780273438 776.27001953125 774.8099975585938
810.5399780273438 810.989990234375 811.2100219726562 811.469970703125 811.6400146484375 811.6699829101562 811.47998046875 811.3099975585938 810.8900146484375 809.6400146484375 809.0900268554688 808.469970703125 807.8300170898438 806.25 805.4500122070312 804.4600219726562 803.4299926757812 801.0900268554688 800.0399780273438 799.0499877929688 798.5700073242188 796.4199829101562 795.6699829101562 794.9400024414062 793.760009765625 791.4400024414062 790.489990234375 790.0399780273438 788.6599731445312 787.2000122070312 786.4600219726562 785.6599731445312 784.8099975585938 783.3400268554688 783.010009765625 782.0800170898438 781.5599975585938 780.5900268554688 780.2000122070312 779.8499755859375 779.6799926757812 778.739990234375 777.4400024414062 775.9299926757812 774.6599731445312
811.2100219726562 811.1900024414062 811.2899780273438 811.5 811.77001953125 812.1400146484375 812.1599731445312 811.989990234375 811.5499877929688 810.239990234375 809.530029296875 808.760009765625 808.02001953125 806.27001953125 805.2999877929688 804.3499755859375 803.280029296875 800.8900146484375 799.7999877929688 798.9000244140625 798.4400024414062 796.280029296875 795.6900024414062 795.0800170898438 793.9299926757812 791.6400146484375 790.5999755859375 790.1400146484375 788.8300170898438 787.260009765625 786.4099731445312 785.6500244140625 784.8599853515625 783.3699951171875 783.0900268554688 782.239990234375 781.739990234375 781.02001953125 780.739990234375 780.5399780273438 780.1500244140625 778.27001953125 776.97998046875 775.530029296875 774.5599975585938
811.7000122070312 811.6400146484375 811.5900268554688 811.6300048828125 811.8599853515625 812.219970703125 812.489990234375 812.3400268554688 811.9099731445312 810.489990234375 809.7999877929688 808.9099731445312 808.0999755859375 806.22998046875 805.260009765625 804.22998046875 803.1099853515625 800.75 799.780029296875 798.7999877929688 798.3300170898438 796.3099975585938 795.510009765625 794.780029296875 793.8699951171875 791.72998046875 790.760009765625 790.2999877929688 788.9199829101562 787.260009765625 786.47998046875 785.6900024414062 784.9000244140625 783.489990234375 783.2100219726562 782.3900146484375 781.9600219726562 781.3499755859375 781.1900024414062 780.9299926757812 780.2999877929688 777.8699951171875 776.6199951171875 775.4400024414062 774.2999877929688
812.219970703125 812.0999755859375 812.0399780273438 812.0 811.989990234375 812.3499755859375 812.7000122070312 812.72998046875 812.25 810.719970703125 809.739990234375 808.8800048828125 808.030029296875 806.2000122070312 805.27001953125 804.1099853515625 802.989990234375 800.6599731445312 799.6900024414062 798.7100219726562 798.260009765625 796.3200073242188 795.5499877929688 794.780029296875 793.9299926757812 791.8499755859375 790.8599853515625 790.3499755859375 789.0499877929688 787.3499755859375 786.52001953125 785.760009765625 784.9600219726562 783.6199951171875 783.3499755859375 782.6400146484375 782.239990234375 781.739990234375 781.5800170898438 781.0599975585938 780.260009765625 777.6400146484375 776.489990234375 775.2999877929688 774.02001953125
812.6699829101562 812.5700073242188 812.510009765625 812.4000244140625 812.2899780273438 812.3800048828125 812.8200073242188 812.9600219726562 812.760009765625 810.760009765625 809.75 808.72998046875 807.9000244140625 806.1500244140625 805.1699829101562 803.9600219726562 802.9199829101562 800.6799926757812 799.6699829101562 798.7100219726562 798.219970703125 796.3300170898438 795.719970703125 794.97998046875 794.0700073242188 791.8599853515625 790.969970703125 790.52001953125 789.1300048828125 787.4299926757812 786.6099853515625 785.8699951171875 785.0800170898438 783.7899780273438 783.52001953125 782.8599853515625 782.5700073242188 782.1599731445312 781.739990234375 780.969970703125 779.9400024414062 777.5 776.239990234375 775.0800170898438 773.9199829101562
813.5499877929688 813.3300170898438 813.260009765625 813.1400146484375 813.0499877929688 812.8200073242188 813.1199951171875 813.3300170898438 813.4199829101562 811.5700073242188 810.2100219726562 809.1300048828125 807.8699951171875 806.0700073242188 805.0999755859375 804.1699829101562 803.1199951171875 801.1900024414062 800.22998046875 799.239990234375 798.75 796.6400146484375 795.8699951171875 795.260009765625 794.2100219726562 792.0399780273438 791.219970703125 790.7899780273438 789.47998046875 787.77001953125 786.9400024414062 786.1400146484375 785.4199829101562 784.25 784.0399780273438 783.47998046875 783.2999877929688 782.530029296875 781.739990234375 780.6099853515625 779.3400268554688 777.010009765625 775.8900146484375 774.6199951171875 773.27001953125
813.9500122070312 813.7100219726562 813.5999755859375 813.510009765625 813.3699951171875 813.1599731445312 813.22998046875 813.489990234375 813.6099853515625 811.9400024414062 810.6799926757812 809.3800048828125 808.1699829101562 806.3599853515625 805.4299926757812 804.47998046875 803.510009765625 801.6900024414062 800.760009765625 799.719970703125 799.3099975585938 796.8099975585938 796.1300048828125 795.5599975585938 794.4000244140625 792.1799926757812 791.4299926757812 791.02001953125 789.739990234375 788.02001953125 787.1900024414062 786.3499755859375 785.5999755859375 784.5 784.3099975585938 783.9000244140625 783.5900268554688 782.6300048828125 781.719970703125 780.8900146484375 779.1300048828125 776.8499755859375 775.780029296875 774.4400024414062 773.0
814.5999755859375 814.280029296875 814.1500244140625 813.969970703125 813.8200073242188 813.5700073242188 813.489990234375 813.780029296875 813.9099731445312 812.6799926757812 811.22998046875 810.010009765625 808.8599853515625 806.9400024414062 806.0399780273438 805.280029296875 804.3900146484375 802.4600219726562 801.489990234375 800.4400024414062 800.0499877929688 796.75 795.969970703125 795.47998046875 794.5499877929688 792.5800170898438 791.8099975585938 791.4400024414062 790.219970703125 788.4600219726562 787.52001953125 786.7000122070312 785.9500122070312 784.9400024414062 784.7999877929688 784.4400024414062 784.0800170898438 782.9199829101562 782.0399780273438 780.719970703125 778.9199829101562 776.3499755859375 775.3200073242188 773.760009765625 772.3900146484375
814.8099975585938 814.5 814.3499755859375 814.1400146484375 813.989990234375 813.719970703125 813.5800170898438 813.8699951171875 814.010009765625 812.9299926757812 811.530029296875 810.2000122070312 809.1400146484375 807.22998046875 806.4000244140625 805.5999755859375 804.7000122070312 802.77001953125 801.760009765625 800.7100219726562 800.280029296875 796.8099975585938 796.010009765625 795.4199829101562 794.6799926757812 792.75 791.9299926757812 791.5800170898438 790.4000244140625 788.5999755859375 787.6599731445312 786.8200073242188 786.0700073242188 785.0900268554688 784.969970703125 784.5999755859375 784.239990234375 782.9299926757812 781.9099731445312 780.4099731445312 778.9000244140625 776.280029296875 775.0800170898438 773.5399780273438 772.219970703125
815.52001953125 815.2000122070312 815.0499877929688 814.8400268554688 814.6199951171875 814.3400268554688 814.0999755859375 814.1799926757812 814.3900146484375 813.8800048828125 812.5599975585938 811.4299926757812 810.4299926757812 808.7100219726562 807.9400024414062 806.9299926757812 805.8599853515625 803.7100219726562 802.6400146484375 801.6300048828125 801.0 797.0700073242188 796.6099853515625 796.3200073242188 795.489990234375 793.5 792.4500122070312 792.030029296875 790.8400268554688 789.0700073242188 788.0999755859375 787.280029296875 786.5700073242188 785.6599731445312 785.5 785.2000122070312 784.7000122070312 782.7000122070312 781.7000122070312 779.9199829101562 778.219970703125 775.469970703125 774.0900268554688 772.6900024414062 771.2000122070312
815.8300170898438 815.5499877929688 815.3699951171875 815.1500244140625 814.9500122070312 814.6199951171875 814.3900146484375 814.4099731445312 814.5900268554688 814.3599853515625 813.1199951171875 812.0499877929688 811.0999755859375 809.4299926757812 808.47998046875 807.2899780273438 806.3200073242188 804.0900268554688 803.02001953125 801.7999877929688 801.1799926757812 797.3900146484375 796.77001953125 796.6599731445312 795.7899780273438 793.760009765625 792.719970703125 792.219970703125 791.0 789.239990234375 788.2999877929688 787.52001953125 786.8099975585938 785.969970703125 785.7899780273438 785.510009765625 785.1099853515625 782.3099975585938 780.8099975585938 779.47998046875 777.8499755859375 774.8099975585938 773.469970703125 772.0800170898438 770.6199951171875
816.0999755859375 815.7899780273438 815.6099853515625 815.4299926757812 815.239990234375 814.9000244140625 814.6400146484375 814.6199951171875 814.8099975585938 814.760009765625 813.6699829101562 812.6599731445312 811.75 809.7000122070312 808.760009765625 807.6300048828125 806.5399780273438 804.1799926757812 803.1599731445312 801.969970703125 801.3400268554688 797.6199951171875 796.780029296875 796.7000122070312 795.9000244140625 793.8499755859375 792.8300170898438 792.3499755859375 791.2000122070312 789.2899780273438 788.4000244140625 787.7100219726562 786.989990234375 786.260009765625 786.0900268554688 785.5700073242188 785.1199951171875 781.969970703125 780.3699951171875 778.8900146484375 777.2000122070312 774.27001953125 772.7999877929688 771.4299926757812 770.0700073242188
816.3499755859375 816.0399780273438 815.8800048828125 815.6900024414062 815.510009765625 815.1400146484375 814.8599853515625 814.8400268554688 815.010009765625 815.02001953125 814.1500244140625 813.0999755859375 812.0399780273438 810.02001953125 808.9600219726562 807.8400268554688 806.6699829101562 804.1300048828125 803.0499877929688 801.8599853515625 801.239990234375 797.9600219726562 797.0599975585938 796.8400268554688 796.1500244140625 793.8200073242188 792.9099731445312 792.47998046875 791.2100219726562 789.3300170898438 788.6300048828125 787.97998046875 787.0999755859375 786.4199829101562 786.1599731445312 785.3300170898438 784.7100219726562 781.1400146484375 779.7000122070312 778.0900268554688 776.52001953125 773.6300048828125 772.280029296875 770.9000244140625 769.52001953125
816.6400146484375 816.4500122070312 816.3300170898438 816.1599731445312 815.9500122070312 815.6099853515625 815.260009765625 815.2899780273438 815.4600219726562 815.2899780273438 814.4000244140625 813.1900024414062 812.02001953125 809.760009765625 808.6900024414062 807.510009765625 806.0999755859375 803.6300048828125 802.25 800.9400024414062 800.25 797.72998046875 797.1799926757812 796.3400268554688 794.8300170898438 792.8499755859375 792.5 792.4299926757812 791.510009765625 789.8400268554688 789.1199951171875 788.5999755859375 787.7899780273438 785.97998046875 785.510009765625 783.3900146484375 782.030029296875 779.5700073242188 778.1500244140625 776.75 775.22998046875 772.1599731445312 770.8200073242188 769.4600219726562 768.1199951171875
816.8499755859375 816.6699829101562 816.5800170898438 816.4500122070312 816.25 815.8900146484375 815.5599975585938 815.72998046875 815.77001953125 815.2899780273438 814.1099853515625 812.780029296875 811.530029296875 809.4500122070312 808.3900146484375 806.9400024414062 805.219970703125 802.1699829101562 800.6300048828125 799.3099975585938 798.780029296875 795.5900268554688 794.780029296875 794.0999755859375 793.1799926757812 791.8499755859375 791.3099975585938 791.1599731445312 790.77001953125 790.1900024414062 789.47998046875 788.22998046875 787.5 784.5999755859375 783.9199829101562 781.9000244140625 780.6900024414062 778.27001953125 776.8699951171875 775.52001953125 774.1300048828125 770.989990234375 769.6199951171875 768.280029296875 766.5999755859375
816.9199829101562 816.77001953125 816.6500244140625 816.47998046875 816.3200073242188 815.9600219726562 815.6699829101562 815.8300170898438 815.8599853515625 815.3300170898438 814.0700073242188 812.6500244140625 811.3099975585938 809.219970703125 808.0999755859375 806.47998046875 804.7999877929688 801.5900268554688 800.02001953125 798.6699829101562 798.0599975585938 794.7899780273438 793.9299926757812 793.2899780273438 792.5999755859375 791.4299926757812 790.8699951171875 790.7100219726562 790.3900146484375 790.1199951171875 789.5999755859375 788.0700073242188 787.47998046875 784.2100219726562 783.5700073242188 781.5499877929688 780.260009765625 777.8599853515625 776.4299926757812 775.0999755859375 773.5900268554688 770.6099853515625 769.0999755859375 767.6599731445312 765.9299926757812
817.0800170898438 816.9000244140625 816.7999877929688 816.6400146484375 816.4500122070312 816.1400146484375 816.010009765625 816.0800170898438 816.0900268554688 815.010009765625 813.719970703125 812.219970703125 810.9099731445312 808.75 807.1500244140625 805.469970703125 803.760009765625 800.6699829101562 798.969970703125 797.4500122070312 796.75 793.3599853515625 792.4500122070312 791.8800048828125 791.3900146484375 790.22998046875 789.6199951171875 789.4400024414062 789.280029296875 788.72998046875 788.239990234375 787.6900024414062 787.4299926757812 783.5399780273438 782.8300170898438 780.989990234375 779.530029296875 777.0499877929688 775.5499877929688 774.1500244140625 772.4000244140625 769.4299926757812 767.8400268554688 766.4199829101562 764.969970703125
817.489990234375 817.2100219726562 817.0800170898438 816.9099731445312 816.719970703125 816.4600219726562 816.5399780273438 816.47998046875 816.3200073242188 813.75 812.2999877929688 811.0800170898438 809.9000244140625 807.0599975585938 805.5599975585938 803.780029296875 802.219970703125 798.97998046875 797.3300170898438 795.6599731445312 794.8900146484375 791.75 790.6400146484375 789.4000244140625 788.72998046875 786.9400024414062 786.52001953125 786.22998046875 784.969970703125 785.8800048828125 786.5800170898438 786.9000244140625 786.3099975585938 782.530029296875 781.6400146484375 779.25 777.9299926757812 774.8599853515625 773.3400268554688 771.9299926757812 770.47998046875 767.260009765625 765.8699951171875 764.510009765625 763.0399780273438
817.7100219726562 817.4000244140625 817.239990234375 817.0399780273438 816.8800048828125 816.77001953125 816.77001953125 816.6500244140625 815.8599853515625 813.1300048828125 811.72998046875 810.6699829101562 809.3099975585938 806.22998046875 804.5599975585938 802.9400024414062 801.489990234375 798.22998046875 796.530029296875 794.9500122070312 794.1799926757812 790.8800048828125 789.7999877929688 788.6500244140625 787.4600219726562 785.6099853515625 785.1099853515625 784.6300048828125 783.8300170898438 784.9600219726562 785.27001953125 785.3499755859375 784.719970703125 781.719970703125 780.8699951171875 778.6400146484375 777.2000122070312 773.6500244140625 772.239990234375 770.9099731445312 769.25 766.3099975585938 765.0999755859375 763.6500244140625 762.0
