Scenarios/Scenario2/topofan.asc
ncols         502
nrows         433
xllcorner     673880.70357319
yllcorner     152037.30777477
cellsize      2.5
NODATA_value  -9999
[rows 280 to 307 of 433, columns 64 to 127 of 502]
1850.97 1846.783 1846.575 1845.32 1843.375 1843.188 1842.667 1841.302 1841.552 1841.87 1841.165 1839.309 1835.88 1835.345 1834.8 1834.917 1833.944 1834.08 1834.72 1834.16 1833.507 1832.62 1832.267 1828.751 1821.365 1814.645 1813.92 1812.128 1811.362 1811.225 1811.492 1812.227 1811.583 1810.167 1808.28 1806.445 1804.583 1804.52 1804.91 1804.922 1804.597 1804.032 1803.277 1802.525 1802.064 1801.271 1800.753 1800.657 1800.54 1800.281 1799.872 1799.858 1799.912 1800.367 1800.613 1801.313 1801.811 1802.175 1802.18 1802.373 1803.007 1803.075 1802.927 1803.368
1850.939 1848.35 1847.682 1846.762 1845.472 1845.28 1843.72 1843.875 1844.372 1845.345 1844.693 1843.022 1840.374 1838.484 1837.859 1836.792 1836.591 1836.532 1836.443 1835.56 1834.948 1834.088 1833.018 1828.75 1821.621 1816.68 1815.4 1813.777 1814.332 1814.964 1815.365 1813.975 1813.58 1813.473 1810.444 1807.53 1806.535 1805.87 1806.545 1806.833 1806.373 1806.368 1805.525 1804.29 1803.661 1802.837 1802.059 1802.09 1802.17 1801.867 1801.625 1801.65 1801.566 1801.45 1801.547 1802.426 1803.489 1803.568 1803.975 1803.642 1804.137 1804.377 1804.39 1805.118
1851.71 1850.405 1849.188 1848.147 1847.54 1846.645 1845.921 1846.385 1847.182 1847.729 1846.98 1846.438 1846.01 1841.865 1840.169 1839.647 1838.795 1838.402 1838.199 1837.795 1836.43 1835.105 1833.005 1825.382 1820.382 1818.524 1816.42 1816.562 1817.056 1817.548 1817.341 1816.01 1816.85 1816.7 1811.547 1809.742 1808.953 1808.642 1808.637 1808.527 1808.137 1807.583 1807.32 1806.27 1805.172 1804.177 1803.688 1804.198 1803.637 1803.575 1803.277 1803.195 1803.037 1802.927 1803.093 1803.243 1804.907 1804.904 1805.415 1805.208 1805.955 1806.046 1805.995 1806.385
1853.123 1852.08 1850.435 1850.117 1848.975 1848.127 1848.142 1851.023 1849.945 1850.002 1849.123 1848.51 1846.826 1844.063 1841.78 1842.505 1842.865 1842.402 1840.925 1839.258 1837.072 1834.883 1830.432 1824.205 1821.872 1822.675 1819.63 1819.925 1819.823 1820.251 1819.474 1818.646 1820.3 1819.307 1817.199 1813.608 1812.285 1810.733 1810.708 1810.409 1810.137 1809.585 1808.897 1807.73 1806.651 1806.131 1805.734 1806.05 1805.552 1805.19 1804.922 1804.837 1804.545 1804.598 1804.414 1804.48 1806.343 1806.394 1806.835 1807.027 1807.192 1807.712 1807.765 1808.002
1854.912 1853.208 1852.195 1851.465 1850.733 1849.998 1851.943 1853.912 1852.833 1852.698 1851.868 1850.915 1848.583 1847.132 1845.544 1845.113 1845.428 1846.334 1843.838 1840.31 1838.397 1832.174 1827.693 1825.573 1827.078 1827.466 1825.776 1823.955 1823.083 1821.975 1821.45 1822.026 1823.047 1821.605 1819.813 1817.829 1815.287 1813.175 1812.825 1812.47 1812.125 1811.565 1809.94 1809.282 1808.24 1807.843 1807.53 1807.649 1808.007 1807.046 1806.646 1806.581 1806.313 1806.14 1806.316 1806.568 1807.5 1807.77 1808.251 1808.946 1809.367 1809.343 1809.215 1809.377
1856.073 1854.655 1854.028 1852.948 1852.245 1852.875 1855.585 1856.422 1856.141 1855.195 1854.63 1853.715 1852.425 1850.38 1848.757 1848.142 1848.318 1848.815 1849.132 1844.19 1840.846 1833.731 1830.597 1831.574 1832.417 1832.03 1829.448 1828.437 1825.683 1824.077 1823.547 1824.02 1825.32 1823.474 1822.215 1820.777 1818.846 1817.228 1815.339 1814.367 1813.943 1812.828 1811.989 1811.315 1810.382 1809.425 1808.892 1809.35 1809.816 1809.262 1808.343 1808.445 1808.069 1807.969 1808.055 1808.22 1808.701 1808.917 1809.596 1810.483 1810.575 1810.345 1810.782 1810.688
1857.238 1856.723 1855.62 1854.998 1853.986 1855.65 1859.285 1860.73 1859.245 1858.762 1856.875 1855.438 1855.835 1855.571 1853.448 1851.162 1851.143 1851.009 1851.12 1849.782 1844.51 1837.646 1837.023 1837.064 1834.538 1833.349 1831.051 1828.658 1826.948 1826.237 1826.404 1827.67 1827.323 1826.432 1824.742 1822.991 1821.547 1819.377 1817.44 1816.67 1815.44 1814.5 1814.044 1812.996 1811.95 1811 1810.92 1811.218 1811.835 1810.849 1810.3 1810.142 1809.117 1809.435 1809.191 1810.318 1810.182 1810.664 1811.017 1812.093 1812.521 1811.998 1812.22 1812.65
1858.573 1858.328 1858.005 1856.828 1856.867 1858.95 1862.26 1863.534 1862.905 1862.489 1860.223 1859.119 1858.045 1857.696 1856.517 1854.527 1853.777 1852.987 1852.843 1850.925 1844.558 1843.635 1843.032 1838.87 1836.088 1834.159 1832.338 1830.53 1829.172 1829.72 1831.855 1831.593 1830.324 1829.37 1827.779 1828.188 1825.055 1821.125 1819.854 1818.469 1817.045 1816.373 1815.532 1814.495 1813.525 1812.542 1812.52 1813.035 1813.266 1812.975 1812.235 1811.632 1811.031 1810.265 1810.914 1811.893 1811.752 1812.54 1812.476 1813.455 1814.385 1813.946 1813.889 1814.1
1860.625 1859.895 1859.327 1858.749 1859.275 1862.48 1865.141 1866.135 1865.986 1866.301 1863.188 1862.417 1861.92 1861.55 1859 1857.074 1856.619 1855.855 1853.96 1851.482 1850.05 1848.238 1846.655 1842.041 1837.835 1835.645 1833.923 1832.064 1831.597 1832.64 1835.189 1834.433 1833.275 1832.444 1832.004 1831.056 1826.95 1822.325 1821.65 1820.189 1819.632 1818.277 1817.37 1816.276 1815.163 1814.295 1813.993 1814.928 1815.313 1814.657 1814.162 1813.307 1812.455 1812.124 1812.203 1812.675 1813.088 1813.985 1814.27 1814.618 1815.644 1815.76 1816.216 1816.057
1862.405 1862.208 1861.047 1861.103 1861.89 1867.885 1868.869 1869.35 1869.022 1868.598 1867.02 1865.173 1864.509 1863.633 1862.782 1860.306 1858.839 1856.859 1855.047 1853.355 1852.476 1851.556 1847.92 1843.298 1839.254 1837.035 1835.954 1834.518 1836.377 1836.914 1838.84 1837.833 1837.956 1836.502 1835.406 1832.85 1829.555 1828.234 1824.056 1822.756 1821.305 1820.247 1818.976 1817.81 1816.815 1816.415 1816.371 1817.185 1817.088 1816.253 1815.854 1814.952 1813.763 1813.292 1813.76 1814.198 1815.402 1816.078 1815.964 1816.12 1817.135 1817.248 1818.223 1817.878
1864.268 1863.45 1862.88 1862.927 1865.208 1868.938 1871.328 1871.77 1870.943 1870.602 1869.772 1867.993 1867.078 1865.757 1864.438 1862.095 1860.827 1859.823 1857.939 1857.666 1855.755 1852.04 1846.373 1843.292 1841.456 1840.035 1838.731 1838.73 1839.425 1839.765 1840.685 1840.578 1840.032 1838.329 1835.984 1833.633 1830.945 1829.62 1826.802 1824.882 1822.823 1821.699 1820.623 1819.614 1818.62 1818.536 1819.05 1819.776 1819.006 1818.419 1818.008 1816.204 1815.215 1815.21 1815.365 1815.779 1816.605 1817.228 1817.762 1817.914 1818.33 1818.95 1819.478 1819.215
1865.958 1865.509 1864.503 1865.505 1868.465 1871.115 1875.474 1874.762 1873.619 1873.182 1871.91 1870.695 1868.72 1868.17 1865.282 1863.857 1862.837 1862.143 1861.368 1859.542 1857.675 1853.953 1846.223 1849.235 1846.882 1843.324 1842.265 1840.99 1842.002 1843.157 1843.346 1843.13 1840.833 1838.485 1836.407 1834.157 1832.649 1830.198 1828.457 1826.907 1824.79 1823.205 1822.167 1821.325 1820.988 1822.017 1823.049 1821.901 1821.743 1821.097 1820.598 1819.993 1818.363 1816.89 1816.895 1817.022 1817.32 1818.622 1819.36 1819.401 1819.775 1820.28 1821.138 1821.479
1867.4 1866.877 1867.025 1868.32 1870.917 1876.365 1879.435 1877.545 1877.527 1876.482 1874.812 1873.06 1871.435 1869.568 1867.754 1865.833 1864.768 1863.687 1862.147 1858.688 1859.392 1855.973 1850.266 1852.763 1849.33 1846.208 1843.72 1843.946 1844.791 1845.838 1846.331 1844.18 1841.899 1839.532 1836.825 1835.764 1835.947 1835.291 1832.826 1830.018 1829.655 1827.017 1825.09 1824.074 1824.705 1825.475 1825.188 1824.285 1824.623 1824.16 1824.215 1822.834 1820.405 1819.085 1818.99 1818.9 1818.962 1820.104 1820.52 1820.755 1821.355 1821.813 1822.313 1822.578
1869.413 1868.325 1869.226 1870.917 1875.157 1878.405 1881.492 1880.792 1879.645 1878.69 1877.22 1875.654 1873.994 1871.385 1869.861 1868.333 1866.159 1864.648 1861.831 1857.784 1860.731 1859.743 1856.401 1856.993 1850.762 1847.26 1846.908 1847.522 1848.553 1849.539 1848.551 1846.272 1842.499 1840.395 1838.996 1838.131 1838.617 1839.53 1838.189 1837.403 1835.693 1833.754 1828.416 1828.188 1827.9 1828.925 1828.188 1827.223 1826.855 1826.889 1826.501 1823.968 1821.945 1820.553 1820.54 1820.157 1820.426 1821.151 1822.225 1822.172 1822.844 1823.813 1823.859 1824.292
1870.987 1870.72 1871.713 1875.693 1878.807 1882.157 1884.968 1883.527 1882.037 1880.825 1878.838 1876.867 1875.542 1873.684 1871.813 1870.691 1868.415 1865.844 1862.867 1862.924 1864.74 1863.98 1861.355 1854.685 1851.973 1851.829 1851.439 1850.729 1851.343 1852.244 1849.695 1845.734 1843.963 1843.167 1842.69 1841.005 1841.616 1842.271 1841.63 1839.742 1839.256 1839.635 1836.703 1833.052 1831.45 1831.373 1830.078 1828.85 1828.828 1828.583 1828.314 1826.285 1823.285 1822.093 1822.452 1821.84 1823.417 1823.313 1823.353 1824.35 1824.5 1825.019 1825.698 1825.752
1872.728 1872.953 1876.49 1884.609 1887.579 1887.512 1886.438 1885.76 1884.595 1883.034 1882.196 1879.29 1877.953 1876.115 1874.402 1872.753 1869.967 1867.336 1865.479 1866.385 1867.027 1863.99 1859.318 1856.63 1855.939 1856.684 1856.188 1855.61 1854.55 1853.172 1850.595 1847.996 1846.982 1847.278 1845.301 1844.712 1845.636 1844.97 1843.57 1842.823 1841.95 1842.222 1841.687 1837.941 1834.66 1834.109 1832.936 1831.19 1831.665 1831.34 1830.545 1828.58 1825.372 1824.434 1825.042 1825.305 1825.73 1825.047 1825 1825.835 1825.943 1826.244 1826.945 1827.35
1875.07 1878.84 1885.149 1887.684 1889.41 1890.057 1888.575 1887.392 1886.672 1885.249 1884.191 1882.288 1881.255 1878.787 1876.114 1874.608 1872.055 1870.708 1870.888 1871.193 1868.958 1864.545 1861.605 1861.829 1858.583 1859.131 1859.965 1859.579 1856.246 1854.021 1852.958 1850.907 1849.81 1849.275 1850.403 1850.075 1849.417 1847.071 1845.904 1845.265 1844.907 1844.34 1844.055 1843.375 1840.219 1836.934 1834.735 1834.369 1833.978 1834.301 1834.527 1831.87 1827.7 1829.859 1829.824 1830.764 1827.445 1827.34 1827.184 1827.109 1827.762 1828.023 1828.375 1828.757
1877.953 1884.013 1886.368 1890.098 1891.854 1893.052 1890.882 1889.95 1889.228 1888.365 1886.906 1884.583 1882.463 1880.107 1878.68 1877.228 1876.343 1875.757 1874.995 1873.09 1869.272 1866.665 1867.917 1867.43 1863.709 1861.41 1862.244 1858.762 1857.53 1856.066 1856.363 1857.166 1854.859 1854.129 1854.945 1853.958 1852.075 1850.275 1848.202 1847.157 1846.605 1846.781 1845.519 1844.807 1841.287 1838.184 1837.13 1836.289 1836.205 1836.378 1836.117 1834.384 1833.266 1834.469 1835.47 1833.979 1830.113 1830.075 1828.888 1828.838 1829.173 1829.525 1829.665 1830.213
1882.015 1886.18 1889.73 1892.117 1893.615 1894.685 1895.182 1894.272 1892.64 1890.568 1888.425 1886.17 1883.463 1881.968 1881.223 1880.943 1879.325 1878.51 1876.735 1873.415 1868.987 1869.777 1871.665 1871.705 1868.418 1865.113 1863.219 1861.633 1862.685 1861.8 1861.805 1861.695 1861.012 1859.856 1857.75 1857.177 1855.941 1853.385 1852.026 1849.902 1849.122 1848.792 1847.727 1846.172 1844.993 1841.911 1839.63 1839.885 1839.047 1839.248 1838.543 1838.29 1838.418 1837.985 1837.806 1836.215 1833.87 1832.895 1831.307 1830.823 1830.795 1831.06 1831.422 1831.65
1884.172 1888.008 1890.427 1893.603 1896.233 1897.14 1897.364 1897.169 1895.036 1892.709 1890.171 1887.125 1886.685 1886.432 1886.916 1884.257 1882.19 1879.136 1877.093 1873.177 1870.754 1872.885 1874.494 1873.424 1871.208 1867.022 1865.335 1867.429 1868.334 1865.461 1865.856 1865.5 1865.166 1863.825 1862.19 1860.299 1859.052 1857.005 1855.414 1853.282 1852.172 1850.495 1849.334 1848.287 1846.546 1844.92 1843.345 1842.465 1841.491 1841.252 1840.645 1841.03 1841.093 1840.272 1839.485 1837.298 1835.478 1834.853 1832.95 1832.309 1832.606 1833.13 1832.782 1833.502
1886.13 1889.027 1892.106 1897.028 1898.41 1899.59 1899.553 1899.09 1896.895 1894.147 1891.502 1889.978 1889.365 1889.895 1888.287 1886.615 1883.488 1880.705 1877.313 1874.24 1875.319 1878.002 1877.608 1874.68 1871.26 1869.29 1869.675 1870.518 1871.518 1870.21 1868.96 1868.422 1867.74 1866.076 1864.64 1863.45 1862.187 1861.147 1859.282 1856.431 1854.472 1853.417 1851.334 1850.26 1848.4 1847.031 1846.015 1844.838 1843.742 1843.471 1843.376 1843.323 1843.193 1842.863 1841.455 1838.833 1836.598 1836.326 1835.319 1834.387 1834.328 1834.725 1834.568 1835.089
1887.903 1891.4 1896.109 1899.958 1901.845 1902.993 1902.426 1901.372 1899.485 1897.467 1897.571 1893.83 1892.073 1891.953 1890.588 1887.721 1883.863 1880.718 1877.517 1876.555 1879.488 1880.582 1878.162 1874.93 1871.922 1872.032 1872.585 1873.786 1873.412 1872.486 1871.335 1871.542 1869.401 1868.123 1867.532 1867.372 1866.209 1863.726 1861.502 1861.135 1860.675 1858.54 1854.522 1853.32 1851.892 1850.534 1848.863 1846.858 1845.68 1846.51 1845.407 1845.276 1844.745 1843.865 1843.27 1841.279 1838.887 1838.537 1837.557 1836.59 1835.875 1836.055 1836.409 1836.816
1892.284 1895.002 1899.136 1902.445 1905.153 1905.929 1905.667 1903.61 1901.458 1900.61 1899.869 1897.208 1895.79 1895.607 1892.181 1888.665 1884.88 1881.777 1881.022 1882.32 1883.261 1880.388 1877.415 1874.927 1873.843 1874.66 1875.377 1876.758 1875.6 1873.922 1873.875 1873.392 1872.145 1871.48 1870.146 1870.404 1869.753 1865.82 1864.557 1864.177 1863.177 1859.853 1858.371 1857.582 1855.58 1854.209 1851.622 1848.935 1847.887 1848.598 1847.97 1847.162 1846.754 1845.351 1844.422 1843.409 1841.479 1840.441 1839.473 1838.613 1837.377 1837.731 1838.367 1838.394
1897.03 1898.632 1901.095 1904.963 1907.544 1909.151 1907.745 1906.436 1904.943 1904.07 1902.662 1901.27 1899.105 1897.729 1894.116 1889.769 1884.642 1883.411 1885.085 1886.139 1885.257 1882.74 1878.363 1876.368 1878.34 1879.889 1880.396 1879.87 1879.129 1876.892 1876.06 1875.757 1874.623 1874.052 1873.812 1873.214 1870.635 1868.764 1867.819 1866.936 1866.96 1865.615 1863.172 1860.663 1859.843 1858.361 1854.052 1851.045 1850.747 1851.01 1850.593 1849.798 1848.315 1847.785 1846.625 1845.302 1844.212 1842.804 1840.895 1840.503 1839.975 1839.693 1840.135 1840.126
1900.231 1901.245 1903.512 1907 1911.068 1911.361 1909.39 1908.66 1908.2 1905.557 1904.526 1903.882 1903.025 1899.797 1895.777 1890.825 1887.127 1887.175 1888.055 1888.756 1886.975 1883.438 1880.46 1879.512 1881.115 1884.138 1884.499 1883.536 1883.61 1881.208 1879.118 1877.883 1877.161 1876.757 1876.088 1874.514 1872.27 1870.243 1869.452 1869.371 1869.145 1867.717 1865.175 1863.249 1861.222 1859.413 1854.505 1853.775 1853.689 1853.436 1852.478 1851.722 1851.484 1850.791 1848.53 1847.023 1845.752 1844.998 1843.645 1841.758 1842.195 1841.912 1841.62 1841.633
1902.897 1904.647 1907.333 1910.282 1913.136 1913.112 1912.44 1911.661 1911.02 1908.87 1907.098 1906.58 1905 1901.097 1894.805 1892.272 1889.955 1889.015 1890.171 1889.815 1888.48 1884.198 1882.645 1885.127 1886.8 1888.994 1887.97 1887.42 1886.483 1883.255 1881.348 1879.802 1879.58 1878.755 1877.22 1876.007 1875.28 1872.063 1871.663 1871.319 1870.492 1869.378 1866.83 1864.544 1862.223 1858.551 1856.547 1857.012 1857.575 1856.187 1854.688 1853.855 1853.328 1852.334 1851.831 1849.577 1848.055 1846.659 1846.252 1845.625 1844.547 1843.856 1843.307 1843.654
1905.318 1911.282 1916.476 1916.317 1916.48 1915.123 1915.166 1916.358 1913.165 1910.498 1909.546 1907.905 1905.925 1900.737 1896.328 1894.814 1894.473 1892.07 1893.042 1891.451 1889.032 1885.763 1885.255 1889.094 1890.745 1890.713 1890.563 1889.041 1887.72 1885.28 1883.823 1882.269 1880.99 1879.877 1878.693 1878.771 1876.33 1875.085 1874.248 1873.566 1872.017 1870.821 1869.331 1865.221 1862.182 1860.295 1859.151 1860.436 1860.823 1859.678 1857.83 1855.762 1855.301 1854.305 1853.627 1851.3 1849.949 1848.565 1847.879 1846.97 1846.134 1845.823 1845.345 1845.675
1911.522 1914.12 1918.092 1919.189 1917.898 1918.498 1919.458 1917.214 1915.182 1913.219 1912.361 1908.768 1904.84 1900.61 1898.263 1898.065 1897.14 1897.446 1894.235 1892.674 1891.03 1889.181 1888.7 1890.922 1893.028 1892.915 1892.563 1890.912 1888.731 1887.063 1885.56 1884.787 1883.315 1882.19 1881.532 1880.274 1878.759 1877.282 1876.367 1875.107 1873.993 1872.325 1868.948 1865.255 1863.205 1862.557 1863.319 1864.646 1863.093 1861.917 1860.247 1859.102 1857.623 1856.12 1855.028 1853.606 1851.853 1850.528 1850.19 1848.775 1847.515 1847.205 1847.055 1846.91
