Scenarios/Scenario2/topofan.asc
ncols         502
nrows         433
xllcorner     673880.70357319
yllcorner     152037.30777477
cellsize      2.5
NODATA_value  -9999
[rows 280 to 307 of 433, columns 384 to 447 of 502]
1848.315 1849.065 1850.455 1851.382 1852.435 1853.821 1855.037 1856.448 1857.863 1859.035 1860.415 1861.877 1863.177 1864.341 1865.274 1866.709 1868.027 1869.577 1870.97 1872.394 1873.601 1875.34 1876.814 1878.395 1879.929 1881.813 1883.302 1884.927 1886.505 1888.241 1889.735 1891.735 1893.728 1895.037 1897.167 1898.557 1900.807 1902.938 1904.595 1906.277 1907.998 1909.823 1911.617 1912.866 1914.432 1915.509 1917.274 1918.322 1919.662 1921.245 1922.245 1922.81 1924.264 1926.329 1927.798 1928.997 1930.828 1933.887 1935.095 1938.507 1940.493 1944.257 1947.762 1950.368
1848.691 1849.607 1850.695 1851.565 1853.025 1854.27 1855.529 1856.784 1858.205 1859.761 1860.912 1862.528 1863.539 1864.555 1865.968 1866.967 1868.348 1870.029 1871.463 1872.744 1873.907 1874.958 1876.64 1878.33 1879.896 1881.781 1883.247 1884.664 1886.443 1888.289 1889.823 1891.22 1893.305 1895.175 1897.055 1898.93 1900.667 1902.44 1904.238 1905.86 1907.823 1909.083 1910.417 1912.285 1913.297 1914.445 1915.61 1917.241 1918.705 1919.797 1920.912 1920.902 1922.389 1926.354 1927.733 1928.543 1929.961 1932.517 1934.445 1934.843 1937.95 1942.143 1945.818 1948.659
1849.032 1849.983 1850.941 1851.796 1853.108 1854.412 1855.755 1857.05 1858.203 1859.686 1861.15 1862.32 1863.448 1864.599 1865.975 1867.357 1868.672 1870.096 1871.595 1873.21 1874.595 1875.568 1876.815 1878.385 1880.084 1881.877 1883.177 1885.14 1886.598 1888.152 1889.806 1891.574 1893.343 1894.988 1896.723 1898.478 1900.375 1902.052 1903.198 1904.653 1906.327 1908.635 1909.901 1911.114 1912.141 1913.249 1914.626 1915.865 1917.001 1918.193 1919.035 1919.248 1920.766 1923.114 1927.05 1927.645 1928.958 1930.554 1932.261 1934.145 1935.397 1939.121 1941.993 1947.455
1849.025 1850.142 1851.175 1852.133 1853.209 1854.463 1855.703 1857.216 1858.365 1859.817 1861.118 1862.022 1863.415 1864.613 1866.157 1867.257 1868.542 1869.81 1871.508 1873.045 1874.515 1875.765 1877.17 1878.845 1880.517 1881.992 1883.623 1885.147 1886.858 1888.33 1889.965 1891.388 1893.3 1894.782 1896.427 1897.888 1899.455 1901.12 1902.559 1904.43 1905.845 1907.355 1908.96 1909.813 1910.994 1912.093 1913.573 1914.677 1915.72 1916.857 1917.478 1917.728 1918.664 1921.14 1925.23 1926.89 1927.902 1928.779 1930.107 1932.138 1932.257 1933.648 1937.702 1943.46
1848.77 1850.307 1851.295 1852.205 1853.415 1854.778 1855.723 1857.18 1858.458 1859.989 1861.025 1862.274 1863.438 1864.49 1865.694 1867.11 1868.255 1869.761 1871.482 1872.973 1874.855 1876.156 1877.392 1878.787 1880.285 1882.337 1883.666 1885.175 1886.848 1888.07 1889.333 1890.861 1892.718 1894.14 1896.047 1897.304 1898.745 1900.498 1902.031 1903.598 1905.065 1906.135 1907.662 1908.752 1909.718 1910.805 1912.133 1913.5 1914.17 1915.451 1915.698 1916.093 1917.987 1920.614 1922.775 1925.115 1926.782 1927.8 1929.025 1929.87 1930.685 1931.518 1934.424 1939.743
1848.532 1849.72 1851.024 1852.302 1853.218 1854.377 1855.647 1856.92 1858.174 1859.655 1860.733 1861.97 1863.185 1864.223 1865.767 1867.127 1868.813 1870.142 1871.728 1873.271 1874.915 1876.274 1877.617 1878.597 1880.56 1882.097 1883.224 1884.782 1886.515 1887.619 1889.146 1890.404 1891.866 1893.348 1895.27 1896.887 1898.256 1900.025 1901.474 1902.633 1903.795 1905.248 1906.015 1907.155 1908.026 1909.735 1910.373 1911.402 1912.72 1913.517 1913.89 1915.078 1917.057 1919.353 1921.59 1923.357 1925.349 1926.608 1927.843 1928.864 1929.645 1931.045 1932.675 1934.765
1848.146 1849.323 1850.739 1852.005 1853.032 1854.098 1855.347 1856.914 1857.965 1859.677 1860.582 1861.843 1863.292 1864.365 1865.819 1867.34 1868.745 1870.002 1871.515 1873.132 1874.87 1876.356 1877.792 1879.039 1880.381 1881.959 1883.212 1885.057 1885.995 1887.367 1888.661 1890.21 1891.591 1893.315 1894.993 1896.245 1897.605 1899.259 1900.105 1901.478 1902.573 1903.948 1904.953 1905.77 1906.945 1907.896 1909.417 1910.195 1911.135 1911.97 1912.382 1914.17 1915.753 1917.917 1919.225 1921.26 1922.159 1925.042 1926.462 1927.869 1928.659 1929.649 1930.027 1934.025
1847.884 1849.089 1850.503 1851.746 1852.732 1854.257 1855.373 1856.863 1858.2 1859.525 1860.794 1862.111 1863.199 1864.455 1866.143 1867.485 1868.688 1870.021 1871.45 1873.032 1874.708 1876.064 1877.66 1879.073 1880.475 1881.865 1883.35 1885 1886.152 1887.383 1888.703 1889.828 1891.449 1893.226 1894.177 1895.632 1896.662 1898.288 1899.532 1900.335 1901.55 1902.85 1903.647 1904.703 1905.468 1906.908 1907.507 1908.84 1909.576 1910.432 1911.526 1913.096 1914.978 1916.593 1918.145 1919.547 1920.578 1922.231 1925.11 1926.253 1927.601 1928.223 1928.862 1931.032
1847.53 1849.118 1850.34 1851.292 1852.662 1853.958 1855.24 1856.601 1858.105 1859.255 1860.488 1861.934 1863.163 1864.62 1865.966 1867.307 1868.908 1870.439 1871.7 1873.143 1874.857 1876.02 1877.755 1879.297 1880.468 1881.534 1883.095 1884.42 1885.422 1887.113 1888.625 1889.407 1891.072 1892.242 1893.655 1894.9 1896.2 1896.922 1898.48 1899.287 1900.519 1901.665 1902.453 1903.302 1904.292 1905.213 1905.969 1907.455 1908.075 1909.012 1910.897 1912.344 1913.717 1915.756 1917.246 1918.69 1919.703 1921.093 1922.574 1923.55 1925.915 1927.588 1928.123 1928.767
1847.377 1848.747 1849.939 1851.126 1852.434 1853.664 1855.028 1856.219 1857.655 1858.893 1860.285 1861.636 1863.077 1864.333 1865.838 1867.5 1869 1870.33 1871.565 1873.098 1874.491 1875.761 1877.485 1878.661 1880.153 1881.47 1882.665 1884.034 1885.29 1886.449 1887.578 1888.998 1890.363 1891.77 1893.277 1894.462 1895.478 1896.412 1897.645 1898.507 1899.48 1900.49 1901.015 1901.885 1902.897 1904.374 1904.912 1905.78 1906.639 1908.281 1909.837 1911.345 1913.149 1914.82 1916.126 1917.566 1918.532 1920.045 1921.279 1922.811 1924.072 1926.55 1927.024 1927.415
1847.02 1848.575 1849.566 1850.995 1852.167 1853.49 1854.738 1856.085 1857.239 1858.795 1860.063 1861.337 1862.853 1864.244 1866.12 1867.565 1868.723 1870.011 1871.272 1872.565 1874.242 1875.552 1876.8 1878.045 1879.48 1880.98 1882.188 1883.578 1884.675 1885.835 1887.224 1888.535 1889.89 1891.41 1892.768 1894.128 1895.145 1895.725 1896.4 1897.167 1898.47 1899.299 1899.617 1900.515 1901.29 1902.37 1903.149 1904.607 1905.744 1907.885 1909.045 1910.728 1912.565 1913.863 1914.768 1916.045 1917.462 1918.642 1920.3 1921.688 1923.157 1923.515 1925.596 1927.112
1846.66 1848.227 1849.472 1850.875 1851.884 1853.352 1854.55 1855.767 1857.031 1858.492 1859.955 1861.232 1862.723 1863.961 1865.523 1866.693 1868.53 1869.56 1871.132 1872.595 1873.887 1875.206 1876.6 1877.75 1879.051 1880.328 1881.703 1883.047 1884.272 1885.438 1886.75 1888.245 1889.383 1891.052 1892.245 1893.09 1893.93 1894.943 1895.538 1896.513 1897.39 1897.758 1898.488 1899.105 1900.09 1901.243 1901.785 1903.53 1905.307 1906.645 1908.165 1910.1 1911.203 1912.305 1914.111 1915.11 1916.316 1917.537 1918.807 1920.179 1921.392 1922.215 1922.68 1924.484
1846.595 1848.309 1849.468 1850.735 1851.85 1853.035 1854.415 1855.648 1856.93 1858.308 1859.383 1860.695 1862.34 1863.515 1865.255 1866.395 1867.972 1869.287 1870.615 1871.96 1873.253 1874.57 1875.883 1877.24 1878.49 1879.691 1880.811 1882.08 1883.354 1884.715 1885.804 1887.108 1888.38 1890.085 1890.83 1891.995 1892.69 1893.595 1894.2 1895.205 1895.725 1896.645 1897.005 1897.632 1898.857 1899.26 1900.505 1902.205 1904.18 1905.48 1907.155 1908.491 1909.943 1911.59 1912.484 1913.585 1915.258 1916.514 1917.94 1919.057 1920.002 1920.78 1921.643 1922.56
1846.388 1847.909 1849.008 1850.338 1851.612 1853.02 1854.005 1855.503 1856.72 1857.863 1858.931 1860.547 1861.675 1863.016 1864.415 1866.134 1867.405 1868.662 1870.017 1871.383 1872.703 1874.079 1875.387 1876.499 1877.71 1878.839 1879.904 1881.257 1882.738 1883.902 1885.227 1886.384 1887.507 1888.847 1889.787 1890.903 1891.682 1892.525 1893.38 1893.913 1894.368 1894.983 1895.465 1896.535 1897.065 1897.662 1898.617 1901.162 1902.688 1904.346 1905.927 1907.483 1908.958 1910.032 1911.503 1912.632 1914.218 1915.488 1916.915 1917.762 1918.652 1919.454 1920.44 1921.26
1846.141 1847.42 1848.465 1850.03 1850.988 1852.885 1853.797 1855.103 1856.233 1857.272 1858.848 1860.047 1861.363 1862.44 1863.858 1865.156 1866.689 1868.117 1869.427 1870.805 1872.175 1873.348 1874.24 1875.738 1876.932 1878.305 1879.427 1880.718 1881.833 1882.978 1884.224 1885.26 1886.302 1887.782 1888.735 1889.517 1890.595 1891.407 1891.797 1892.565 1893.267 1893.938 1894.272 1895.258 1895.258 1896.035 1897.287 1899.646 1901.503 1903.365 1904.877 1906.478 1907.508 1908.9 1910.397 1911.772 1913.114 1914.719 1915.81 1916.884 1917.412 1917.948 1918.968 1920.721
1845.683 1846.851 1848.195 1849.716 1850.91 1852.22 1853.488 1854.55 1855.828 1857.221 1858.538 1859.495 1860.93 1862.116 1863.499 1864.862 1866.29 1867.599 1868.88 1870.383 1871.47 1872.7 1873.762 1875.026 1876.22 1877.427 1878.485 1879.744 1880.802 1882.093 1883.153 1884.205 1885.54 1887.096 1887.81 1888.588 1889.542 1889.902 1890.7 1891.398 1892.323 1892.932 1893.18 1893.377 1893.85 1894.54 1895.582 1897.801 1900.248 1901.933 1903.657 1905.009 1906.35 1907.602 1908.902 1910.495 1912.188 1913.65 1914.529 1915.491 1916.045 1916.18 1917.594 1919.773
1845.213 1846.549 1848.063 1849.248 1850.575 1851.714 1853.038 1854.12 1855.685 1856.72 1858.024 1859.229 1860.537 1861.542 1863.094 1864.508 1865.758 1867.094 1868.358 1869.555 1870.473 1872.056 1873.192 1874.245 1875.521 1876.704 1877.662 1879.045 1880.245 1881.182 1882.11 1883.285 1884.1 1885.432 1886.578 1887.162 1887.813 1888.67 1889.57 1890.099 1891.008 1891.647 1892.02 1892.083 1892.598 1892.917 1894.059 1896.418 1898.697 1900.84 1902.55 1903.879 1905.206 1906.282 1907.854 1909.208 1910.829 1911.036 1912 1913.359 1913.637 1915.12 1916.613 1918.753
1845.205 1846.397 1847.627 1848.985 1850.152 1851.39 1852.272 1853.856 1854.883 1856.185 1857.302 1858.566 1860.059 1861.325 1862.853 1863.979 1865.14 1866.519 1867.72 1868.785 1870.304 1871.123 1872.54 1873.662 1874.78 1875.853 1876.733 1877.896 1878.838 1880.12 1881.195 1882.258 1883.351 1884.443 1885.16 1885.742 1886.607 1887.245 1888.338 1888.777 1889.228 1889.59 1890.027 1890.688 1891.438 1892.528 1893.989 1896.217 1898.04 1899.655 1901.68 1903.1 1903.575 1905.125 1905.892 1906.615 1907.467 1907.887 1909.445 1910.965 1912.065 1913.685 1915.396 1917.787
1844.476 1845.741 1847.155 1848.555 1849.698 1850.76 1852.06 1853.189 1854.45 1855.696 1856.99 1858.015 1859.545 1860.802 1862.001 1863.355 1864.679 1865.907 1867.03 1868.199 1869.358 1870.595 1871.792 1872.837 1873.914 1875.083 1876.171 1877.219 1878.348 1879.114 1880.099 1881.24 1881.958 1882.917 1883.575 1884.358 1885.387 1885.999 1886.7 1887.136 1887.925 1887.953 1888.343 1889.425 1890.26 1891.79 1892.88 1894.902 1897.334 1898.683 1900.194 1901.723 1901.15 1901.18 1902.405 1903.866 1904.331 1905.76 1907.605 1908.943 1910.252 1912.093 1913.755 1915.893
1844.145 1845.341 1846.775 1847.818 1849.175 1850.462 1851.665 1852.702 1854.167 1855.205 1856.22 1857.651 1858.966 1860.022 1861.412 1862.868 1864.063 1865.347 1866.306 1867.647 1868.768 1869.752 1871.005 1872.025 1873.297 1874.296 1875.48 1876.477 1877.385 1878.195 1879.117 1880.042 1880.797 1881.755 1882.08 1883.105 1883.99 1884.54 1885.35 1886.395 1886.9 1887.027 1886.983 1887.402 1889.071 1890.995 1892.123 1893.554 1895.81 1897.218 1897.421 1898.641 1898.75 1899.081 1900.25 1901.098 1902.76 1904.296 1905.657 1906.733 1908.422 1910.127 1911.943 1913.885
1843.682 1844.936 1846.127 1847.488 1848.64 1849.992 1850.989 1852.365 1853.49 1854.564 1856.085 1857.143 1858.347 1859.455 1860.82 1862.081 1863.539 1864.848 1865.861 1867.1 1868.233 1869.26 1870.401 1871.353 1872.483 1873.719 1874.571 1875.362 1876.378 1877.345 1878.635 1878.95 1879.875 1880.435 1881.22 1881.863 1882.885 1883.86 1884.603 1885.228 1885.465 1885.815 1885.868 1885.479 1886.43 1888.099 1889.844 1892.391 1893.24 1893.715 1893.672 1894.989 1896.25 1897.392 1898.25 1899.87 1900.42 1902.383 1903.585 1905.387 1906.72 1908.104 1909.396 1911.744
1843.416 1844.398 1845.688 1846.775 1848.076 1849.353 1850.672 1851.91 1852.938 1854.113 1855.449 1856.545 1857.748 1859.097 1860.412 1861.665 1862.985 1864.046 1865.071 1866.125 1867.376 1868.371 1869.309 1870.59 1871.65 1872.665 1873.58 1874.662 1875.777 1876.75 1877.432 1878.155 1878.816 1879.505 1880.12 1880.973 1881.795 1882.652 1883.18 1884.037 1884.14 1884.835 1884.323 1884.365 1884.787 1885.453 1886.772 1889.324 1890.302 1890.049 1891.341 1892.846 1894.095 1895.78 1896.695 1897.74 1899.694 1901.025 1902.631 1904.007 1905.906 1906.988 1908.519 1910.47
1842.983 1843.99 1845.135 1846.272 1847.536 1848.647 1850.165 1851.229 1852.436 1853.77 1854.788 1856.027 1857.177 1858.627 1859.922 1861.194 1862.291 1863.424 1864.401 1865.629 1866.552 1867.532 1868.895 1869.787 1870.862 1871.843 1872.747 1873.752 1874.843 1875.815 1876.47 1877.27 1878.09 1878.768 1879.315 1880.383 1880.925 1881.468 1882.242 1882.903 1883.208 1883.225 1883.208 1883.125 1883.215 1884.203 1885.481 1886.687 1887.857 1888.695 1889.603 1891.137 1892.565 1894.063 1895.552 1897.157 1898.761 1900.24 1902.105 1903.711 1905.512 1907.192 1908.557 1910.255
1842.575 1843.615 1844.786 1845.79 1847.169 1848.512 1849.564 1850.892 1851.889 1853.268 1854.367 1855.389 1856.715 1857.962 1859.268 1860.347 1861.15 1862.615 1863.825 1864.838 1865.698 1867.193 1867.938 1869.032 1869.952 1870.862 1871.996 1872.74 1873.612 1874.686 1875.596 1876.277 1876.958 1877.828 1878.493 1879.242 1879.845 1880.637 1881.355 1881.958 1882.199 1881.989 1881.703 1881.993 1882.459 1883.663 1884.809 1885.875 1886.712 1887.615 1888.759 1890.083 1891.629 1893.36 1894.828 1896.823 1898.399 1900.427 1902.208 1903.893 1905.48 1907.468 1909.231 1910.887
1842.135 1843.181 1844.203 1845.55 1846.603 1847.746 1848.887 1850.24 1851.32 1852.712 1853.796 1854.732 1855.975 1857.367 1858.316 1859.448 1860.62 1861.902 1862.854 1863.833 1865.105 1866.035 1867.07 1868.084 1868.949 1870.172 1871.009 1871.936 1872.957 1873.682 1874.83 1875.432 1876.268 1876.978 1878.015 1878.497 1879.172 1879.8 1880.825 1881.254 1881.205 1880.551 1880.813 1881.06 1881.925 1883.193 1884.128 1884.99 1885.688 1886.665 1887.868 1889.427 1891.162 1892.547 1895.396 1896.978 1898.718 1900.71 1902.789 1904.223 1906.21 1908.088 1909.662 1911.346
1841.505 1842.82 1844.08 1844.887 1846.094 1847.425 1848.523 1849.542 1850.735 1851.97 1852.919 1854.17 1855.375 1856.73 1857.8 1859.033 1860.08 1861.032 1862.078 1863.333 1864.28 1865.244 1866.394 1867.411 1868.608 1869.362 1870.146 1871.11 1872.05 1873.021 1873.537 1874.363 1875.277 1876.383 1877.047 1877.63 1878.244 1878.613 1879.327 1880.206 1880.094 1879.53 1879.94 1880.185 1881.17 1882.498 1883.42 1884.11 1884.77 1886.147 1887.463 1888.823 1890.763 1892.425 1894.955 1897.012 1899.448 1901.005 1902.602 1904.6 1906.78 1908 1909.645 1911.422
1841.227 1842.335 1843.44 1844.57 1845.568 1846.888 1847.838 1848.901 1850.087 1851.194 1852.4 1854.114 1854.903 1856.17 1857.31 1858.355 1859.254 1860.541 1861.471 1862.517 1863.67 1864.521 1865.6 1866.625 1867.62 1868.391 1869.289 1870.422 1871.323 1871.948 1872.728 1873.542 1874.37 1875.162 1875.993 1876.507 1877.285 1877.532 1878.279 1878.951 1878.62 1878.443 1878.94 1879.748 1880.295 1881.33 1882.186 1883.223 1883.807 1885.225 1886.51 1888.407 1890.347 1892.31 1894.742 1897.363 1899.595 1901.078 1902.71 1904.083 1905.885 1907.203 1908.982 1911.054
1840.78 1841.893 1842.885 1843.918 1845.101 1846.087 1847.183 1848.514 1849.693 1850.815 1852.033 1853.277 1854.333 1855.666 1856.435 1857.667 1858.605 1859.642 1860.721 1861.735 1862.828 1863.781 1864.696 1865.915 1866.725 1867.751 1868.565 1869.655 1870.36 1871.258 1872.026 1872.802 1873.677 1874.512 1875.221 1875.725 1876.1 1876.595 1877.248 1877.682 1877.625 1877.672 1877.905 1878.867 1879.557 1880.28 1881.218 1881.953 1882.992 1884.395 1885.95 1887.858 1890.277 1892.946 1895.509 1897.401 1899.247 1900.636 1902.24 1903.375 1905.115 1906.704 1908.432 1910.446
