Scenarios/Scenario2/topofan.asc
ncols         502
nrows         433
xllcorner     673880.70357319
yllcorner     152037.30777477
cellsize      2.5
NODATA_value  -9999
[rows 28 to 55 of 433, columns 0 to 63 of 502]
1931.18 1932.949 1932.963 1931.329 1929.245 1928.023 1926.802 1925.892 1924.986 1924.911 1922.656 1920.685 1919.139 1918.281 1917.831 1918.007 1917.664 1917.06 1916.522 1919.06 1923.943 1926.085 1925.279 1926.757 1925.88 1926.76 1927.578 1927.442 1928.792 1930.634 1932.961 1934.813 1939.062 1945.545 1951.42 1955.151 1958.375 1959.828 1962.068 1963.554 1966.063 1967.962 1970.272 1973.109 1974.976 1976.907 1978.203 1979.684 1982.028 1983.333 1985.305 1987.165 1989.165 1990.517 1991.84 1992.4 1992.875 1994.203 1994.7 1995.223 1995.374 1997.02 2000.277 2002.532
1929.237 1930.444 1929.025 1927.606 1926.168 1925.302 1924.252 1924.246 1923.396 1921.11 1919.438 1918.007 1916.97 1915.626 1915.666 1914.639 1914.888 1913.994 1914.761 1918.16 1922.358 1922.486 1923.128 1923.234 1923.323 1923.945 1924.932 1925.527 1927.126 1928.726 1932.691 1937.155 1941.866 1945.975 1951.14 1954.387 1957.49 1959.695 1962.021 1964.289 1966.497 1967.944 1970.248 1971.633 1974.238 1976.187 1977.569 1978.877 1980.464 1982.182 1983.62 1985.603 1987.862 1989.482 1989.837 1990.45 1991.485 1992.318 1993.086 1993.52 1993.844 1995.346 1998.238 2000.56
1926.682 1927.025 1925.834 1923.973 1922.995 1921.971 1922.023 1920.566 1918.323 1917.37 1916.516 1915.483 1914.657 1912.907 1912.395 1912.09 1911.864 1911.995 1913.587 1916.7 1919.586 1919.738 1919.685 1919.951 1919.992 1921.445 1922.508 1924.62 1927.059 1930.432 1934.51 1938.385 1942.406 1945.162 1951.488 1954.641 1958.237 1959.595 1962.394 1965.4 1967.11 1968.195 1969.447 1971.027 1972.917 1974.455 1976.065 1977.147 1978.435 1979.804 1981.427 1983.259 1985.555 1987.84 1988.221 1988.81 1989.64 1990.481 1991.36 1991.56 1992.328 1993.12 1996.336 1998.902
1921.614 1922.368 1920.504 1918.479 1918.448 1919.258 1917.494 1916.807 1915.065 1914.921 1914.896 1913.664 1911.765 1909.725 1909.655 1909.53 1909.478 1910.583 1912.4 1916.228 1917.054 1915.633 1917.313 1916.425 1917.99 1919.75 1921.789 1924.073 1927.383 1933.165 1936.52 1939.24 1943.89 1948.411 1951.689 1955.59 1957.934 1961.028 1962.527 1965.159 1966.695 1967.943 1969.449 1970.953 1972.468 1973.313 1975.095 1975.97 1977.15 1978.3 1979.323 1980.755 1982.499 1985.302 1986.87 1987.88 1988.4 1989.095 1988.73 1989.132 1989.948 1990.89 1992.738 1994.994
1916.637 1916.693 1915.439 1914.663 1914.872 1915.265 1915.31 1914.824 1913.391 1912.406 1913.095 1911.633 1908.37 1906.714 1906.24 1906.775 1907.251 1908.93 1910.524 1911.245 1911.595 1912.637 1912.996 1915.286 1917.588 1920.405 1924.059 1925.282 1928.682 1933.944 1938.388 1942.349 1945.573 1950.36 1952.698 1954.725 1957.34 1961.016 1962.985 1964.665 1965.888 1967.243 1968.414 1969.754 1971.152 1971.87 1973.532 1974.62 1975.583 1976.718 1978.103 1978.818 1980.287 1982.071 1983.981 1984.873 1986.57 1987.002 1987.108 1987.21 1987.968 1988.799 1990.293 1991.694
1912.932 1912.379 1910.834 1911.28 1911.847 1912.313 1912.125 1911.158 1910.706 1909.453 1909.499 1907.147 1905.81 1904.652 1904.225 1903.665 1905.182 1906.49 1906.86 1907.657 1908.542 1910.515 1913.09 1915.625 1919.443 1922.738 1925.446 1927.625 1930.582 1934.225 1938.26 1944.088 1947.598 1950.423 1952.096 1954.015 1956.865 1960.523 1963.981 1964.427 1964.94 1966.564 1967.745 1968.88 1970.002 1970.88 1971.59 1972.955 1973.778 1974.764 1975.328 1976.82 1978.359 1979.271 1980.373 1982.135 1984.053 1984.619 1985.195 1985.313 1985.76 1986.381 1987.998 1990.137
1908.5 1907.843 1906.622 1907.01 1907.388 1908.045 1908.609 1906.807 1907.553 1906.236 1905.531 1904.626 1902.98 1902.624 1902.244 1901.841 1902.875 1903.705 1905.029 1906.057 1907.66 1910.79 1914.353 1917.831 1920.382 1923.057 1927.2 1929.188 1931.64 1934.452 1938.154 1943.32 1946.892 1949.711 1951.611 1953.44 1956.719 1958.603 1960.63 1962.45 1962.999 1965.943 1967.067 1967.934 1968.491 1969.12 1969.897 1971.195 1972.27 1972.824 1973.859 1975.031 1976.245 1977.893 1979.02 1979.576 1981.451 1982.24 1982.887 1983.123 1983.695 1984.37 1985.164 1987.15
1902.917 1902.212 1902.252 1904.23 1905.275 1905.12 1904.002 1903.429 1903.51 1902.254 1900.816 1900.376 1900.463 1900.2 1899.005 1899.883 1901.383 1902.445 1903.629 1905.735 1907.494 1910.916 1914.231 1918.465 1921.008 1924.471 1927.665 1929.58 1931.953 1934.44 1937.403 1941.782 1944.661 1947.544 1950.29 1953.043 1955.433 1956.129 1957.55 1958.735 1960.791 1962.959 1964.639 1965.618 1966.649 1966.767 1967.653 1968.89 1970.232 1970.887 1972.128 1973.714 1974.815 1976.04 1977.462 1978.775 1979.03 1979.672 1979.993 1980.821 1981.065 1981.985 1983.575 1985.988
1897.795 1898.259 1898.596 1901.974 1902.75 1902.35 1901.767 1901.115 1900.068 1898.668 1897.524 1897.6 1898.088 1896.725 1896.912 1898.667 1899.51 1900.695 1902.694 1904.504 1907.537 1911.65 1915.06 1918.614 1921.188 1924.478 1927.402 1929.637 1932.253 1935.506 1938.679 1941.469 1943.66 1945.596 1947.618 1950.3 1951.7 1953.219 1954.948 1956.535 1959.56 1960.843 1960.791 1963.103 1964.146 1964.94 1965.175 1966.43 1969.04 1968.805 1970.009 1971.615 1972.942 1973.573 1975.007 1975.943 1976.791 1977.69 1977.963 1978.45 1978.822 1980.915 1981.973 1984.252
1894.992 1895.641 1895.958 1897.484 1897.845 1897.609 1898.782 1898.02 1896.172 1895.156 1894.432 1895.229 1895.141 1894.453 1895.593 1896.955 1898.645 1900.287 1902.415 1905.934 1909.575 1912.897 1915.478 1918.406 1922.752 1926.017 1927.644 1931.065 1933.296 1935.431 1937.35 1940.04 1942.733 1944.642 1946.302 1948.265 1949.47 1951.595 1953.353 1954.932 1957.012 1957.91 1958.675 1960.045 1961.645 1962.922 1963.535 1964.15 1965.28 1966.83 1968.897 1969.181 1969.567 1970.822 1971.813 1974.22 1974.857 1975.698 1975.583 1975.913 1975.857 1978.203 1980.179 1983.47
1892.298 1892.713 1893.189 1892.551 1891.995 1893.109 1894.831 1893.958 1891.925 1891.763 1892.135 1892.525 1892.268 1892.855 1894.698 1895.728 1896.935 1899.735 1902.55 1906.595 1909.578 1913.18 1916.333 1919.022 1922.512 1926.343 1928.368 1931.706 1934.369 1936.323 1937.871 1939.882 1942.022 1943.974 1945.64 1947.337 1948.655 1950.624 1952.213 1953.99 1955.022 1956.193 1957.96 1958.81 1959.725 1960.839 1961.635 1962.643 1963.45 1964.326 1966.049 1965.917 1967.09 1968.01 1969.601 1971.17 1972.865 1972.99 1972.517 1973.455 1973.785 1974.611 1976.619 1979.53
1889.337 1889.682 1890.239 1890.146 1889.537 1890.103 1891.625 1889.924 1889.023 1889.042 1889.989 1889.458 1890.57 1891.833 1893.313 1894.685 1896.674 1899.985 1903.56 1907.177 1911.13 1913.287 1917.247 1920.532 1924.358 1928.917 1931.958 1933.54 1934.818 1936.363 1938.916 1941.055 1942.535 1944.365 1945.955 1947.598 1949.32 1950.677 1952.355 1953.378 1954.454 1955.427 1956.237 1957.578 1958.588 1959.677 1960.57 1961.093 1961.981 1962.93 1963.694 1964.345 1965.542 1966.483 1967.855 1969.214 1970.758 1970.025 1970.04 1970.33 1971.411 1971.478 1972.848 1976.166
1886.695 1886.782 1887.035 1886.945 1886.5 1885.599 1886.54 1886.348 1886.363 1886.855 1887.672 1887.272 1888.987 1890.477 1891.939 1893.765 1897.805 1902.259 1905.718 1908.835 1911.949 1914.669 1918.537 1922.475 1927.313 1930.97 1933.176 1934.277 1936.647 1939.135 1940.252 1941.679 1943.473 1944.758 1946.577 1948.155 1950.345 1951.165 1952.329 1953.807 1954.224 1954.34 1955.216 1956.047 1957.292 1958.539 1959.562 1959.67 1960.435 1961.177 1962.24 1963.365 1964.01 1965.047 1965.844 1966.194 1967.41 1967.72 1968.232 1968.82 1968.954 1969.5 1971.175 1973.909
1882.865 1880.688 1881.678 1881.881 1881.73 1881.74 1882.756 1883.186 1884.022 1884.847 1885.474 1886.188 1887.58 1889.753 1891.447 1894.102 1898.802 1903.495 1908.182 1910.91 1913.82 1917.797 1921.323 1925.662 1928.325 1930.249 1933.198 1934.453 1936.438 1938.88 1940.547 1941.871 1943.609 1944.675 1946.895 1947.988 1949.609 1950.249 1951.217 1952.55 1953.014 1953.14 1953.76 1954.855 1956.255 1957.775 1958.266 1958.695 1958.95 1959.772 1959.931 1961.698 1962.569 1963.245 1964.25 1964.897 1965.508 1965.776 1965.968 1966.642 1966.818 1967.387 1968.932 1971.147
1877.482 1877.065 1877.27 1877.366 1877.537 1879.211 1880.512 1881.395 1882.505 1882.54 1883.588 1884.755 1886.578 1888.853 1891.063 1893.495 1898.523 1903.28 1908.461 1911.847 1914.922 1919.652 1922.309 1925.123 1927.091 1930.636 1932.69 1935.094 1937.305 1938.421 1940.031 1942.097 1943.527 1944.518 1946.232 1947.758 1948.672 1949.458 1950.091 1950.685 1950.535 1950.083 1950.213 1952.397 1954.551 1956.198 1956.799 1956.302 1956.502 1957.685 1958.289 1959.575 1960.017 1960.38 1962.818 1963.5 1963.96 1964.365 1964.358 1964.142 1964.557 1965.595 1966.28 1968.39
1873.252 1873.97 1874.503 1875.05 1875.501 1876.665 1878.575 1879.397 1880.603 1881.238 1883.078 1884.672 1886.622 1888.488 1890.97 1894.857 1899.093 1903.377 1906.627 1910.783 1914.925 1917.821 1921.334 1924.227 1925.798 1929.215 1931.471 1934.492 1936.468 1936.26 1935.081 1933.899 1936.53 1938.673 1940.023 1944.147 1945.227 1947.387 1948.621 1948.395 1947.8 1947.147 1948.002 1949.103 1951.378 1953.233 1954.89 1954.967 1955.134 1955.583 1956.162 1956.907 1957.695 1959.072 1960.994 1962.201 1962.65 1962.672 1962.261 1961.797 1961.636 1964.213 1964.679 1965.474
1870.778 1871.14 1871.409 1872.54 1873.677 1874.802 1876.819 1877.935 1878.986 1880.547 1882.828 1884.147 1886.257 1889.342 1893.664 1897.42 1901.127 1903.274 1906.511 1910.528 1913.131 1915.788 1919.31 1922.505 1924.861 1927.573 1929.467 1932.275 1933.274 1927.77 1925.526 1926.518 1928.395 1931.773 1934.85 1939.538 1941.411 1942.282 1942.724 1944.137 1945.022 1945.7 1945.99 1946.585 1948.36 1950.14 1951.913 1952.878 1953.32 1953.927 1954.397 1954.618 1955.029 1956.281 1958.18 1959.525 1961.064 1961.009 1959.615 1957.672 1960.468 1961.83 1962.438 1963.643
1868.675 1869.032 1868.917 1871.115 1872.427 1873.815 1874.397 1875.816 1877.968 1879.814 1882.025 1883.014 1885.917 1888.934 1893.663 1898.785 1900.675 1903.263 1905.946 1909.701 1912.112 1914.151 1916.81 1918.757 1922.654 1924.453 1927.848 1928.202 1919.253 1919.932 1918.902 1921.248 1925.083 1926.032 1929.41 1932.677 1935.021 1939.238 1935.365 1937.263 1940.97 1944.58 1944.977 1944.689 1946.169 1947.798 1949.265 1949.172 1946.387 1946.64 1947.255 1947.944 1949.442 1953.466 1955.201 1957.189 1958.479 1957.735 1955.729 1954.792 1955.914 1958.04 1960.62 1961.685
1867.047 1866.88 1868.3 1870.218 1871.976 1871.848 1872.951 1875.056 1877.71 1879.588 1880.258 1881.859 1884.842 1889.527 1891.968 1894.969 1897.332 1901.677 1903.546 1906.706 1911.432 1912.968 1914.573 1916.5 1918.719 1919.672 1923.365 1919.316 1915.08 1913.583 1914.145 1915.577 1920.47 1919.603 1921.266 1924.155 1926.364 1928.179 1927.879 1930.481 1934.983 1939.91 1942.315 1942.9 1942.869 1942.786 1941.681 1940.575 1937.162 1936.925 1938.05 1940.277 1943.594 1949.64 1952.985 1954.554 1955.502 1954.108 1952.085 1951.716 1953.397 1956.043 1958.737 1960.566
1864.625 1865.569 1867.826 1869.433 1870.097 1870.983 1872.411 1875.012 1876.627 1878.02 1879.085 1881.36 1886.485 1887.925 1889.141 1891.845 1895.691 1898.549 1900.101 1901.91 1905.897 1910.571 1913.127 1915.622 1916.386 1919.95 1918.617 1913.354 1912.453 1911.324 1911.718 1910.915 1912.657 1912.693 1914.174 1916.699 1917.368 1919.723 1921.213 1926.703 1930.267 1932.783 1936.033 1937.047 1937.199 1936.275 1933.595 1931.979 1929.637 1929.994 1930.958 1932.261 1938.137 1945.488 1949.633 1950.969 1952.329 1951.935 1949.777 1947.619 1950.434 1953.295 1955.115 1956.941
1863.265 1865.198 1866.989 1867.59 1868.432 1870.015 1871.949 1874 1875.792 1877.015 1877.039 1878.355 1879.51 1884.733 1887.752 1890.571 1894 1895.892 1897.7 1898.701 1902.637 1906.371 1911.972 1914.244 1914.057 1914.752 1914.595 1908.49 1904.881 1904.784 1905.993 1904.729 1904.619 1905.245 1906.306 1908.47 1910.024 1916.852 1917.153 1920.802 1923.137 1926.388 1929.979 1931.194 1931.719 1929.797 1928.051 1925.805 1926.61 1927.787 1928.547 1930.896 1936.125 1941.353 1944.208 1945.05 1946.297 1947.759 1947.261 1945.84 1949.536 1950.639 1952.658 1956.079
1862.613 1864.402 1865.603 1865.932 1867.148 1869.183 1871.057 1873.512 1874.285 1874.867 1875.41 1875.824 1877.815 1883.767 1886.084 1888.27 1890.282 1890.462 1892.418 1893.845 1896.57 1900.34 1903.606 1909.658 1908.435 1904.007 1901.086 1900.835 1899.647 1899.308 1898.35 1897.412 1897.361 1897.633 1902.05 1903.198 1904.86 1909.467 1911.241 1914.407 1918.087 1921.238 1924.676 1925.394 1926.238 1924.534 1923.205 1922.094 1921.59 1924.685 1926.137 1926.211 1930.498 1935.485 1937.648 1938.874 1942.125 1942.717 1942.583 1944.271 1947.11 1949.96 1950.571 1953.852
1861.525 1863.002 1863.449 1864.493 1866.198 1868.6 1870.405 1871.623 1872.837 1872.575 1872.263 1873.499 1876.273 1879.325 1882.605 1884.965 1885.242 1886.103 1886.368 1887.57 1891.412 1895.136 1898.843 1903.273 1901.387 1898.002 1897.602 1897.943 1898.229 1896.301 1892.667 1892.185 1892.503 1895.316 1899.044 1901.262 1902.736 1903.213 1905.833 1909.762 1914.422 1917.33 1920.625 1921.639 1922.155 1921.522 1916.899 1915.973 1916.354 1920.208 1922.155 1922.986 1924.871 1928.785 1931.442 1933.105 1937.175 1939.411 1938.588 1942.26 1945.209 1947.958 1948.776 1950.399
1859.707 1860.698 1862.21 1863.975 1865.724 1867.709 1868.689 1870.05 1870.447 1869.96 1870.171 1870.509 1872.932 1874.754 1878.016 1878.836 1879.51 1880.891 1881.85 1882.596 1886.226 1889.933 1893.508 1895.349 1895.777 1895.771 1895.178 1895.768 1895.46 1893.021 1890.532 1889.873 1890.24 1890.975 1895.554 1899 1900.685 1900.878 1902.623 1905.1 1909.74 1913.469 1915.778 1917.307 1917.39 1916.476 1911.976 1910.592 1910.58 1914.208 1917.853 1918.77 1919.328 1921.965 1924.485 1927.486 1932.608 1936.71 1934.294 1938.056 1940.425 1942.036 1944.782 1947.335
1857.667 1859.633 1861.699 1863.109 1864.968 1866.381 1867.246 1868.075 1868.683 1868.44 1868.603 1868.328 1869.14 1870.252 1872.366 1872.732 1874.59 1876.835 1878.69 1879.218 1880.838 1883.948 1886.847 1887.764 1890.943 1891.521 1892.97 1892.764 1891.706 1890.039 1888.045 1887.615 1887.525 1888.02 1889.818 1893.623 1897.94 1899.012 1900.1 1901.66 1904.619 1907.949 1911.76 1913.272 1913.017 1911.798 1908.355 1905.805 1906.115 1909.375 1912.598 1914.703 1915.048 1916.94 1919.568 1926.055 1930.66 1932.142 1930.198 1930.515 1934.44 1936.955 1940.088 1943.78
1857.056 1859.159 1860.601 1862.415 1863.404 1864.438 1865.597 1866.547 1866.241 1866.505 1866.422 1866.696 1865.73 1866.555 1869.324 1870.6 1870.871 1873.626 1875.14 1876.493 1877.175 1878.241 1880.006 1881.281 1885.138 1887.569 1888.269 1889.496 1888.835 1886.864 1886.04 1884.978 1884.017 1885.088 1886.029 1887.593 1889.612 1894.968 1897.877 1899.459 1901.63 1903.02 1907.875 1909.673 1907.672 1905.881 1904.029 1902.68 1903.525 1905.719 1909.468 1911.272 1911.982 1912.577 1914.271 1920.546 1924.385 1926.758 1926.778 1928.613 1931.76 1935.273 1938.814 1940.807
1856.867 1858.173 1859.145 1860.718 1861.983 1862.907 1863.873 1864.498 1864.24 1864.713 1864.095 1864.367 1863.632 1863.468 1863.353 1865.381 1864.934 1869.343 1872.115 1873.757 1875.503 1876.639 1878.269 1879.242 1879.981 1882.14 1882.781 1885.119 1884.12 1883.969 1883.751 1882.544 1881.96 1882.47 1883.617 1884.255 1886.543 1889.046 1893.7 1896.965 1899.695 1900.814 1903.018 1904.569 1903.541 1900.714 1898.031 1898.617 1900.624 1903.665 1906.249 1909.213 1909.637 1910.558 1912.116 1916.029 1919.612 1922.96 1924.374 1927.651 1931.382 1934.345 1936.549 1939.445
1855.365 1856.802 1857.936 1859.196 1860.022 1861.39 1862.137 1862.712 1862.23 1862.358 1862.27 1861.848 1861.637 1861.593 1861.11 1861.555 1861.84 1862.003 1865.442 1869.295 1872.241 1872.994 1875.007 1876.606 1877.079 1877.199 1878.176 1880.214 1880.138 1881.547 1881.46 1880.525 1880.256 1880 1880.686 1881.695 1882.745 1885.332 1888.144 1893.934 1896.14 1898.175 1898.745 1898.475 1897.129 1894.668 1893.345 1893.694 1897.462 1901.606 1904.124 1904.969 1906.118 1908.047 1909.73 1913.53 1917.169 1920.453 1923.742 1928.053 1930.797 1933.735 1934.93 1937.409
