Scenarios/Scenario2/topofan.asc
ncols         502
nrows         433
xllcorner     673880.70357319
yllcorner     152037.30777477
cellsize      2.5
NODATA_value  -9999
[rows 308 to 335 of 433, columns 320 to 383 of 502]
1793.193 1793.456 1793.868 1794.147 1794.645 1794.882 1795.068 1795.24 1795.103 1795.243 1795.411 1795.394 1795.647 1795.956 1796.585 1796.745 1796.695 1796.75 1797.088 1797.35 1797.49 1797.66 1798.345 1798.871 1799.242 1799.672 1800.461 1801.115 1801.764 1802.7 1803.517 1804.328 1805.502 1806.453 1807.579 1808.85 1809.605 1810.58 1811.708 1812.792 1813.884 1814.863 1816.23 1817.235 1818.625 1819.708 1820.723 1821.97 1822.897 1824.1 1825.042 1826.127 1827.24 1828.29 1829.485 1830.639 1831.578 1832.751 1833.988 1834.899 1835.87 1836.969 1838.03 1839.21
1793.106 1793.557 1793.91 1794.192 1794.598 1794.845 1795.083 1795.3 1795.18 1794.951 1795.088 1795.509 1795.657 1795.843 1796.29 1796.78 1796.943 1797.11 1797.348 1797.635 1797.67 1797.718 1798.123 1798.847 1799.633 1800.132 1800.542 1801.131 1801.855 1802.592 1803.385 1804.123 1805.152 1806.286 1807.456 1809.259 1809.749 1810.508 1811.495 1812.428 1813.57 1814.752 1816.006 1817.095 1818.5 1819.592 1820.568 1821.393 1822.562 1823.554 1824.748 1825.752 1826.98 1828.014 1829.068 1830.26 1831.2 1832.25 1833.31 1834.385 1835.677 1836.517 1837.551 1838.635
1792.805 1793.252 1793.52 1793.73 1794.32 1794.542 1794.91 1795 1794.594 1794.566 1794.993 1795.361 1795.757 1795.9 1795.903 1796.075 1796.883 1797.22 1797.618 1797.767 1797.815 1797.95 1798.315 1799.396 1800.223 1800.785 1801.04 1801.345 1801.887 1802.557 1803.232 1804.132 1804.925 1805.862 1807.126 1808.551 1809.407 1810.395 1811.412 1812.473 1813.291 1814.488 1815.593 1816.756 1817.91 1819.113 1820.297 1821.372 1822.205 1823.319 1824.415 1825.502 1826.623 1827.729 1828.681 1829.584 1830.875 1831.782 1833.024 1833.988 1835.062 1836.086 1837.139 1838.41
1793.198 1793.238 1793.392 1793.565 1793.713 1793.755 1793.887 1793.975 1794.085 1794.479 1795.223 1795.619 1796.145 1796.46 1796.279 1796.29 1796.397 1797.021 1797.69 1798.018 1798.04 1798.137 1798.905 1799.71 1800.549 1801.167 1801.51 1801.858 1802.003 1802.713 1803.345 1803.973 1804.791 1805.875 1806.885 1808.012 1809.089 1810.123 1811.355 1812.152 1813.313 1814.34 1815.91 1816.625 1817.79 1818.838 1819.935 1821.049 1821.954 1823.093 1824.08 1825.143 1826.222 1827.012 1828.501 1829.383 1830.257 1831.466 1832.255 1833.355 1834.555 1835.515 1836.437 1837.584
1794.771 1794.782 1794.525 1794.94 1794.655 1794.36 1794.153 1794.628 1795.365 1795.597 1796.09 1796.29 1796.305 1796.525 1796.463 1796.16 1796.233 1796.784 1797.607 1797.978 1798.334 1798.585 1799.185 1799.833 1800.57 1801.238 1801.83 1802.198 1802.448 1802.89 1803.23 1803.826 1804.823 1805.652 1806.787 1807.838 1808.802 1810.063 1810.96 1811.924 1813.292 1814.214 1815.279 1816.407 1817.614 1818.66 1819.586 1820.758 1821.847 1822.659 1823.528 1824.578 1825.845 1826.672 1827.848 1828.824 1829.926 1830.893 1832.052 1832.825 1833.96 1834.968 1836.16 1837.2
1795.785 1795.777 1795.758 1795.665 1795.675 1795.703 1795.885 1796.083 1796.235 1796.72 1796.86 1796.907 1797.005 1797.113 1797 1796.62 1796.28 1796.403 1797.112 1797.708 1798.522 1798.681 1799.188 1799.759 1800.72 1801.355 1801.88 1802.287 1802.692 1802.795 1803.43 1803.943 1804.622 1805.647 1806.695 1807.657 1808.522 1809.69 1810.708 1811.77 1812.885 1813.879 1814.985 1816.188 1817.369 1818.318 1819.387 1820.267 1821.032 1822.108 1823.25 1824.313 1825.19 1826.075 1827.276 1828.393 1829.543 1830.388 1831.385 1832.552 1833.478 1834.597 1835.596 1836.575
1796.2 1796.32 1796.25 1796.307 1796.333 1796.463 1796.478 1796.529 1796.807 1797.095 1797.242 1797.525 1797.6 1797.802 1797.819 1797.502 1796.715 1796.468 1796.694 1797.568 1798.307 1798.693 1799.182 1799.902 1800.699 1801.405 1802.042 1802.493 1802.776 1803.055 1803.563 1803.93 1804.625 1805.613 1806.423 1807.568 1808.336 1809.508 1810.462 1811.495 1812.369 1813.627 1814.708 1815.825 1817.048 1818.071 1818.966 1819.925 1820.797 1821.835 1822.776 1823.823 1824.715 1825.761 1826.849 1827.866 1828.771 1830.035 1831.028 1831.968 1833.066 1834.18 1835.15 1836.422
1796.515 1796.635 1796.695 1796.703 1796.807 1796.888 1796.97 1796.958 1796.96 1797.275 1797.488 1797.843 1798.045 1798.276 1798.333 1798.228 1797.877 1797.015 1796.939 1797.06 1797.93 1798.57 1799.447 1800.098 1800.639 1801.378 1802.08 1802.545 1802.792 1803.188 1803.532 1803.98 1804.69 1805.407 1806.486 1807.377 1808.287 1809.23 1810.071 1810.988 1812.24 1813.441 1814.549 1815.427 1816.598 1817.776 1818.561 1819.718 1820.629 1821.494 1822.387 1823.28 1824.42 1825.309 1826.353 1827.38 1828.49 1829.51 1830.522 1831.563 1832.649 1833.62 1834.893 1835.775
1796.75 1796.94 1797.213 1797.218 1797.24 1797.297 1797.333 1797.343 1797.425 1797.555 1797.703 1797.861 1798.287 1798.677 1798.748 1798.87 1798.7 1797.958 1797.489 1796.988 1797.483 1798.643 1799.573 1800.224 1800.765 1801.307 1802.155 1802.647 1802.987 1803.245 1803.465 1803.875 1804.414 1805.374 1806.33 1807.118 1808.2 1809.13 1810.044 1810.995 1812.071 1812.997 1813.84 1815.27 1816.313 1817.226 1818.195 1819.4 1820.267 1821.081 1822.038 1822.985 1824.05 1824.995 1825.975 1826.993 1827.995 1829.066 1830.161 1831.19 1832.378 1833.397 1834.337 1835.617
1797.005 1797.302 1797.44 1797.603 1797.64 1797.728 1797.751 1797.807 1797.728 1797.78 1797.995 1798.198 1798.586 1798.96 1799.177 1799.257 1799.387 1799.213 1798.716 1798.073 1798.24 1798.448 1799.341 1800.232 1800.805 1801.334 1802.059 1802.74 1803.23 1803.535 1803.742 1804.165 1804.595 1805.328 1806.248 1806.985 1807.983 1808.93 1810.119 1810.897 1811.675 1812.872 1813.748 1814.61 1815.801 1816.83 1817.797 1818.868 1819.765 1820.916 1821.805 1822.72 1823.759 1824.734 1825.6 1826.543 1827.496 1828.688 1829.59 1830.901 1831.91 1832.99 1834.075 1835
1797.2 1797.52 1797.762 1797.895 1797.982 1798.007 1798.047 1798.11 1798.14 1798.165 1798.387 1798.586 1798.723 1799.125 1799.455 1799.77 1799.843 1799.825 1799.748 1799.742 1799.317 1799.279 1799.685 1800.215 1800.903 1801.323 1802.147 1802.759 1803.44 1803.75 1804.05 1804.384 1804.853 1805.54 1806.135 1807.037 1807.985 1808.951 1809.78 1810.805 1811.626 1812.458 1813.381 1814.376 1815.618 1816.398 1817.463 1818.564 1819.383 1820.486 1821.59 1822.363 1823.414 1824.334 1825.095 1826.315 1827.162 1828.294 1829.371 1830.31 1831.473 1832.741 1833.775 1834.735
1797.355 1797.575 1797.88 1798.135 1798.228 1798.239 1798.353 1798.407 1798.427 1798.555 1798.728 1798.84 1799.041 1799.402 1799.815 1800.015 1800.26 1800.355 1800.328 1800.275 1800.508 1800.557 1800.865 1801.243 1801.505 1801.835 1802.407 1803.045 1803.422 1804.015 1804.375 1804.672 1805.175 1805.632 1806.338 1807.122 1807.91 1808.734 1809.726 1810.703 1811.605 1812.445 1813.345 1814.369 1815.28 1816.16 1817.21 1818.27 1819.127 1820.139 1821.152 1822.04 1823.025 1824.032 1825.026 1826.127 1826.999 1828.06 1829.165 1830.203 1831.252 1832.377 1833.177 1834.184
1797.53 1797.71 1797.905 1798.172 1798.375 1798.462 1798.617 1798.595 1798.741 1798.927 1799.08 1799.315 1799.453 1799.782 1799.978 1800.397 1800.665 1800.813 1800.88 1800.868 1801.135 1801.51 1801.677 1801.938 1802.307 1802.51 1802.838 1803.267 1803.55 1804.129 1804.59 1805.035 1805.28 1805.714 1806.347 1806.98 1807.863 1808.637 1809.58 1810.426 1811.71 1812.537 1813.29 1814.17 1815.026 1816.045 1816.964 1817.96 1818.85 1819.978 1820.882 1821.86 1822.912 1823.917 1824.906 1825.792 1826.863 1827.887 1828.988 1829.92 1830.849 1831.825 1833.125 1833.804
1797.693 1797.887 1798.136 1798.405 1798.657 1798.773 1798.823 1798.943 1798.922 1799.14 1799.29 1799.748 1799.875 1800.098 1800.512 1800.87 1801.123 1801.289 1801.348 1801.565 1801.61 1801.911 1802.448 1802.688 1802.925 1803.06 1803.263 1803.623 1804.045 1804.4 1804.723 1805.088 1805.36 1805.713 1806.435 1807.122 1807.975 1808.878 1809.807 1810.709 1811.518 1812.42 1813.393 1814.057 1815.027 1815.854 1816.866 1817.643 1818.807 1819.731 1820.751 1821.797 1822.757 1823.795 1824.656 1825.639 1826.671 1827.611 1828.585 1829.518 1830.662 1831.585 1832.53 1833.589
1797.71 1798.136 1798.35 1798.603 1798.845 1799.025 1799.132 1799.295 1799.302 1799.355 1799.593 1799.924 1800.387 1800.677 1800.978 1801.302 1801.568 1801.735 1801.723 1801.91 1802.286 1802.603 1802.948 1803.205 1803.495 1803.555 1803.677 1804.09 1804.37 1804.818 1804.965 1805.345 1805.705 1805.995 1806.672 1807.512 1808.443 1809.375 1810.149 1811.321 1812.019 1812.82 1813.456 1814.215 1814.893 1815.691 1816.723 1817.763 1818.807 1819.555 1820.853 1821.669 1822.56 1823.414 1824.417 1825.445 1826.292 1827.35 1828.432 1829.329 1830.413 1831.318 1832.306 1833.297
1797.92 1798.427 1798.708 1798.938 1799.098 1799.395 1799.53 1799.59 1799.667 1799.833 1799.895 1800.238 1800.637 1801.083 1801.448 1801.623 1801.837 1802.1 1802.22 1802.365 1802.67 1803.145 1803.588 1803.795 1804.037 1804.076 1804.093 1804.233 1804.732 1805.162 1805.445 1805.703 1805.958 1806.261 1806.892 1807.584 1808.59 1809.91 1811.083 1811.969 1812.482 1813.123 1813.619 1814.279 1815.04 1815.888 1816.748 1817.846 1818.66 1819.685 1820.555 1821.568 1822.635 1823.416 1824.31 1825.285 1826.345 1827.08 1828.225 1829.075 1830.147 1831.285 1832.191 1833.095
1798.137 1798.588 1798.825 1799.152 1799.443 1799.685 1799.984 1800.032 1800.272 1800.403 1800.515 1800.645 1800.95 1801.24 1801.705 1801.985 1802.31 1802.459 1802.601 1802.945 1803.19 1803.595 1803.852 1804.068 1804.36 1804.545 1804.45 1804.453 1804.981 1805.257 1805.663 1806.115 1806.272 1806.67 1807.272 1807.904 1808.738 1809.905 1810.728 1811.675 1812.545 1813.165 1813.844 1814.47 1815.083 1815.9 1816.748 1817.838 1818.763 1819.755 1820.67 1821.498 1822.431 1823.478 1824.365 1825.203 1826.143 1826.924 1828.045 1828.815 1829.82 1830.726 1831.797 1832.8
1798.333 1798.765 1799.145 1799.532 1799.802 1800.083 1800.345 1800.545 1800.742 1800.877 1800.982 1801.15 1801.397 1801.647 1801.973 1802.402 1802.682 1802.807 1803 1803.268 1803.58 1803.88 1804.225 1804.595 1804.787 1804.868 1804.775 1804.68 1805.027 1805.453 1805.872 1806.267 1806.708 1807.075 1807.512 1808.132 1809.008 1809.757 1810.593 1811.383 1812.412 1813.379 1814.268 1814.842 1815.57 1816.397 1817.168 1818.117 1818.881 1819.79 1820.782 1821.7 1822.592 1823.419 1824.321 1825.295 1826.163 1827.029 1827.84 1828.706 1829.696 1830.49 1831.813 1832.595
1798.407 1798.857 1799.3 1799.588 1800.065 1800.422 1800.713 1800.943 1801.135 1801.302 1801.585 1801.755 1802.03 1802.088 1802.31 1802.618 1802.915 1803.193 1803.323 1803.522 1803.993 1804.348 1804.601 1804.901 1805.03 1805.095 1805.052 1804.948 1805.18 1805.527 1806.045 1806.475 1806.762 1807.162 1807.625 1808.335 1809.005 1809.782 1810.762 1811.389 1812.39 1813.475 1814.278 1815.271 1816.014 1816.924 1817.617 1818.373 1819.135 1820.196 1820.873 1821.776 1822.637 1823.44 1824.37 1825.407 1826.319 1827.078 1828.096 1828.887 1829.745 1830.755 1831.594 1832.565
1798.64 1799.103 1799.505 1799.855 1800.396 1800.69 1801.078 1801.32 1801.48 1801.713 1801.877 1802.198 1802.395 1802.615 1802.653 1802.985 1803.272 1803.57 1803.655 1803.981 1804.244 1804.555 1804.855 1805.113 1805.3 1805.228 1805.106 1805.226 1805.265 1805.461 1805.932 1806.446 1806.82 1807.35 1807.88 1808.405 1809.109 1809.813 1810.603 1811.627 1812.435 1813.481 1814.424 1815.223 1816.302 1817.03 1817.825 1818.753 1819.605 1820.26 1821.057 1822.004 1822.877 1823.677 1824.695 1825.537 1826.429 1827.365 1828.122 1829.241 1830.15 1830.887 1831.514 1832.515
1799.012 1799.167 1799.688 1800.115 1800.46 1801.01 1801.247 1801.521 1801.785 1801.975 1802.167 1802.47 1802.645 1802.897 1803.152 1803.377 1803.72 1803.907 1804.027 1804.3 1804.463 1804.805 1805.125 1805.33 1805.393 1805.425 1805.222 1805.297 1805.475 1805.665 1806.04 1806.292 1806.775 1807.305 1807.746 1808.5 1809.185 1809.922 1810.693 1811.531 1812.54 1813.585 1814.468 1815.623 1816.703 1817.585 1818.215 1819.055 1819.805 1820.464 1821.254 1822.109 1822.941 1823.81 1824.592 1825.348 1826.397 1827.285 1828.339 1829.348 1830.23 1831.129 1831.898 1832.75
1799.277 1799.615 1799.922 1800.27 1800.721 1801.13 1801.425 1801.708 1801.988 1802.2 1802.365 1802.632 1802.825 1803.115 1803.385 1803.573 1803.855 1804.124 1804.395 1804.555 1804.865 1805.088 1805.297 1805.438 1805.535 1805.427 1805.292 1805.485 1805.732 1806.032 1806.17 1806.415 1806.705 1807.218 1807.863 1808.728 1809.263 1810.05 1810.698 1811.62 1812.48 1813.463 1814.661 1816.14 1817.155 1817.925 1818.733 1819.315 1819.935 1820.721 1821.417 1822.35 1823.106 1823.884 1824.738 1825.521 1826.473 1827.453 1828.521 1829.307 1830.331 1831.18 1831.993 1833.033
1799.555 1799.843 1800.035 1800.412 1800.929 1801.22 1801.632 1801.893 1802.145 1802.483 1802.669 1802.813 1803.125 1803.395 1803.55 1803.785 1804.117 1804.43 1804.657 1804.917 1805.103 1805.414 1805.593 1805.76 1805.807 1805.787 1805.675 1805.853 1806.042 1806.351 1806.718 1806.782 1807.005 1807.495 1808.085 1808.68 1809.422 1809.935 1810.625 1811.549 1812.618 1813.925 1814.894 1816.483 1817.593 1818.547 1819.177 1819.73 1820.267 1821.019 1821.645 1822.448 1823.302 1824.153 1825.03 1825.815 1826.69 1827.635 1828.71 1829.544 1830.22 1831.263 1832.155 1832.993
1799.7 1799.965 1800.305 1800.688 1800.979 1801.421 1801.792 1802.057 1802.375 1802.648 1802.853 1803.142 1803.357 1803.605 1803.85 1804.045 1804.313 1804.6 1804.825 1805.042 1805.335 1805.69 1805.9 1806.113 1806.315 1806.203 1806.075 1806.137 1806.33 1806.595 1807.075 1807.302 1807.419 1808.04 1808.505 1809.068 1809.512 1810.093 1810.647 1811.578 1812.755 1814.045 1815.18 1816.07 1817.362 1818.48 1819.346 1820.028 1820.6 1821.171 1821.928 1822.725 1823.363 1824.35 1825.241 1826.015 1826.809 1827.695 1828.445 1829.422 1830.468 1831.473 1832.287 1833.088
1799.635 1800.07 1800.482 1800.864 1801.188 1801.583 1801.953 1802.29 1802.552 1802.905 1803.147 1803.448 1803.675 1803.843 1804.093 1804.285 1804.527 1804.76 1804.978 1805.262 1805.5 1805.782 1806.155 1806.407 1806.703 1806.665 1806.319 1806.275 1806.512 1806.887 1807.403 1807.769 1808.166 1808.485 1809.19 1809.69 1810.015 1810.623 1811.061 1811.851 1812.68 1813.853 1814.83 1815.745 1816.845 1817.983 1819.174 1820.008 1820.748 1821.509 1822.195 1822.835 1823.642 1824.385 1825.195 1825.9 1826.973 1827.862 1828.545 1829.531 1830.787 1831.513 1832.348 1833.127
1799.72 1800.108 1800.58 1800.99 1801.475 1801.742 1802.045 1802.473 1802.732 1803.133 1803.363 1803.76 1803.965 1804.219 1804.397 1804.59 1804.752 1804.988 1805.097 1805.297 1805.585 1805.91 1806.318 1806.512 1806.735 1806.827 1806.373 1806.35 1806.826 1807.092 1807.647 1808.243 1808.76 1809.498 1809.715 1810.225 1810.688 1811.103 1811.705 1812.245 1812.789 1813.802 1814.708 1815.609 1816.812 1817.662 1818.563 1819.443 1820.438 1821.64 1822.338 1823.123 1823.673 1824.397 1825.458 1826.323 1827.145 1828.105 1828.899 1829.82 1830.943 1831.851 1832.547 1833.375
1799.723 1800.157 1800.473 1801.04 1801.571 1802.025 1802.295 1802.653 1802.938 1803.275 1803.642 1803.948 1804.282 1804.475 1804.67 1804.91 1805.017 1805.172 1805.328 1805.54 1805.735 1805.938 1806.282 1806.405 1806.532 1806.583 1806.155 1806.115 1806.635 1807.152 1807.657 1808.077 1808.855 1809.4 1810.14 1810.593 1811.12 1811.735 1812.325 1813.02 1813.463 1814.228 1814.807 1815.855 1816.748 1817.68 1818.474 1819.464 1820.538 1821.657 1822.445 1823.266 1823.96 1825.073 1825.718 1826.604 1827.54 1828.477 1829.321 1830.137 1831.07 1831.94 1833.032 1833.752
1800.085 1800.3 1800.735 1801.22 1801.78 1802.162 1802.607 1802.932 1803.217 1803.545 1803.792 1804.065 1804.485 1804.767 1804.943 1805.23 1805.422 1805.615 1805.693 1805.655 1805.887 1806.037 1806.245 1806.272 1806.185 1805.76 1805.73 1805.841 1806.37 1806.995 1807.395 1807.776 1808.315 1809.147 1809.938 1810.607 1811.24 1811.955 1812.605 1813.143 1813.96 1814.563 1815.302 1816.15 1817.057 1817.826 1818.492 1819.601 1820.375 1821.531 1822.512 1823.49 1824.52 1825.302 1826.078 1827.079 1827.945 1828.713 1829.723 1830.531 1831.438 1832.358 1833.465 1834.482
