Scenarios/Scenario2/topofan.asc
ncols 224
nrows 245
xllcorner 665458,5
yllcorner 166798,5
cellsize 2,5
NODATA_value -9999
[rows 174 to 202 of 245, columns 130 to 194 of 224]
5,69895909559817 5,56484715455983 6,083581801239 4,64544464992846 4,50392569164012 3,67254645950437 3,53786524297045 2,90107925404737 2,60724934338814 2,25196284582006 2,34583455914201 2,34583455914201 2,25196284582006 2,07750600459055 1,94332892203586 2,10331452215011 1,99808129443638 1,88698853713147 2,10331452215011 2,05137281329651 2,20352787570262 2,20352787570262 2,10331452215011 2,17890667974119 2,36872129193004 2,25196284582006 2,22787698919313 2,12881017450248 2,10331452215011 2,22787698919313 2,17890667974119 2,22787698919313 2,39138899780451 2,22787698919313 2,17890667974119 2,17890667974119 2,27579380413335 2,12881017450248 2,05137281329651 1,82891338759113 1,97089524815471 1,79917297649013 1,94332892203586 1,82891338759113 1,70684535310001 1,57534692670793 1,39363339497854 3,44515395846861 2,86364440500363 3,34987777652938 2,29937778951382 1,99808129443638 1,79917297649013 1,79917297649013 1,60922923148502 1,57534692670793 1,73816622892543 1,27220741220375 0,929088929985691 0,464544464992846 0,568948451033337 0,328482541359118 -9999 -9999 0,464544464992846
3,71635571994276 3,21845846297004 4,30800814253781 2,78726678995707 3,13352373183526 2,68874548042556 2,10331452215011 2,10331452215011 2,07750600459055 1,67493888826469 0,985447624077353 2,05137281329651 1,76893262148523 1,79917297649013 1,94332892203586 2,1540040712689 2,27579380413335 2,27579380413335 2,20352787570262 2,36872129193004 2,12881017450248 1,99808129443638 1,94332892203586 2,05137281329651 1,99808129443638 2,05137281329651 1,82891338759113 1,67493888826469 1,50529611024962 1,18436064596502 1,35436821419496 1,31393016543647 1,79917297649013 1,60922923148502 1,64241270679559 1,22906912730262 1,18436064596502 2,25196284582006 2,22787698919313 2,25196284582006 2,36872129193004 2,07750600459055 1,88698853713147 1,82891338759113 1,43182220250181 1,13789690206667 3,46077831961679 1,39363339497854 1,31393016543647 1,46901858380175 1,46901858380175 1,27220741220375 1,35436821419496 1,22906912730262 1,22906912730262 1,18436064596502 1,27220741220375 1,08945333987059 0,80461461574251 0,464544464992846 0,464544464992846 0,464544464992846 0,464544464992846 0,464544464992846 0,464544464992846
3,73084449114796 2,90107925404737 5,13106132438209 3,95545358925787 2,748282117695 2,5016485042286 2,20352787570262 2,05137281329651 2,02490237768498 2,20352787570262 2,43609172626483 1,43182220250181 1,57534692670793 1,60922923148502 1,67493888826469 1,85817785997138 1,50529611024962 1,73816622892543 1,73816622892543 1,82891338759113 1,79917297649013 1,73816622892543 1,64241270679559 1,79917297649013 1,76893262148523 1,85817785997138 1,85817785997138 1,73816622892543 1,79917297649013 1,79917297649013 2,10331452215011 2,20352787570262 2,64831091425335 2,41384384722753 2,64831091425335 2,5444148244075 2,70873642838993 1,88698853713147 2,12881017450248 2,02490237768498 1,99808129443638 2,25196284582006 2,45813825460524 2,56553066219104 2,90107925404737 3,30120868436883 1,57534692670793 1,50529611024962 1,31393016543647 0,985447624077353 0,985447624077353 1,03875300229527 1,31393016543647 1,22906912730262 1,03875300229527 1,03875300229527 1,03875300229527 0,568948451033337 0,464544464992846 0,328482541359118 -9999 -9999 -9999 -9999 -9999
3,85879613829608 3,20165177648753 4,9816843933434 3,38193475360494 2,70873642838993 2,41384384722753 2,12881017450248 2,22787698919313 2,12881017450248 1,99808129443638 1,88698853713147 2,05137281329651 2,36872129193004 1,85817785997138 1,88698853713147 1,85817785997138 1,88698853713147 1,50529611024962 1,60922923148502 1,60922923148502 1,60922923148502 1,67493888826469 1,64241270679559 1,18436064596502 1,03875300229527 1,70684535310001 2,07750600459055 2,07750600459055 2,10331452215011 2,1540040712689 2,1540040712689 2,1540040712689 2,17890667974119 1,94332892203586 1,97089524815471 1,85817785997138 2,1540040712689 1,97089524815471 2,02490237768498 2,07750600459055 2,17890667974119 2,27579380413335 2,10331452215011 2,25196284582006 2,1540040712689 2,02490237768498 1,70684535310001 1,46901858380175 1,35436821419496 1,46901858380175 1,60922923148502 1,22906912730262 1,43182220250181 1,08945333987059 0,869083114462715 0,80461461574251 0,656965082718236 0,568948451033337 0,328482541359118 0,328482541359118 -9999 -9999 -9999 -9999 -9999
4,46784559893051 4,62215906645297 4,77148452531328 2,76784309136552 2,39138899780451 1,64241270679559 1,67493888826469 1,50529611024962 1,60922923148502 1,70684535310001 1,64241270679559 1,46901858380175 1,31393016543647 1,22906912730262 1,31393016543647 1,27220741220375 1,22906912730262 0,869083114462715 1,13789690206667 1,35436821419496 1,43182220250181 1,22906912730262 1,91536589696155 1,94332892203586 2,34583455914201 1,82891338759113 1,85817785997138 1,64241270679559 1,50529611024962 1,67493888826469 1,60922923148502 1,88698853713147 2,02490237768498 2,20352787570262 2,05137281329651 1,94332892203586 1,82891338759113 1,79917297649013 1,46901858380175 1,43182220250181 1,35436821419496 0,869083114462715 0,985447624077353 1,60922923148502 1,67493888826469 1,35436821419496 1,35436821419496 1,22906912730262 1,22906912730262 0,80461461574251 0,568948451033337 0,328482541359118 -9999 0,328482541359118 0,568948451033337 0,328482541359118 -9999 -9999 -9999 -9999 -9999 -9999 -9999 -9999 -9999
3,11625900688582 3,21845846297004 2,99261837496076 2,66860478125389 1,97089524815471 1,54071968881766 1,64241270679559 1,70684535310001 1,67493888826469 1,54071968881766 1,50529611024962 1,18436064596502 1,39363339497854 1,13789690206667 0,985447624077353 1,03875300229527 1,22906912730262 0,929088929985691 1,08945333987059 1,46901858380175 1,27220741220375 1,27220741220375 2,25196284582006 1,82891338759113 1,79917297649013 1,76893262148523 1,70684535310001 1,67493888826469 1,57534692670793 1,64241270679559 1,46901858380175 1,39363339497854 1,76893262148523 1,54071968881766 0,80461461574251 1,31393016543647 1,18436064596502 1,35436821419496 1,39363339497854 0,985447624077353 0,80461461574251 1,18436064596502 1,85817785997138 1,27220741220375 1,13789690206667 0,929088929985691 0,80461461574251 1,03875300229527 0,869083114462715 0,80461461574251 0,568948451033337 0,568948451033337 0,568948451033337 0,656965082718236 0,328482541359118 -9999 -9999 -9999 -9999 -9999 -9999 -9999 -9999 -9999 -9999
2,72858091660562 2,45813825460524 2,43609172626483 2,22787698919313 2,05137281329651 1,27220741220375 1,46901858380175 1,43182220250181 1,31393016543647 1,39363339497854 1,35436821419496 1,46901858380175 1,39363339497854 1,35436821419496 1,35436821419496 1,22906912730262 0,929088929985691 0,734509291900874 2,17890667974119 1,82891338759113 2,12881017450248 2,41384384722753 1,60922923148502 1,73816622892543 1,57534692670793 1,46901858380175 1,43182220250181 1,31393016543647 1,54071968881766 1,60922923148502 1,50529611024962 1,67493888826469 1,94332892203586 1,60922923148502 1,43182220250181 0,869083114462715 0,734509291900874 1,31393016543647 1,35436821419496 1,54071968881766 1,85817785997138 1,79917297649013 0,985447624077353 0,80461461574251 0,568948451033337 -9999 0,568948451033337 0,734509291900874 0,80461461574251 0,464544464992846 0,328482541359118 -9999 0,328482541359118 0,328482541359118 0,328482541359118 -9999 -9999 -9999 -9999 -9999 -9999 -9999 -9999 -9999 -9999
2,5016485042286 2,20352787570262 2,02490237768498 1,91536589696155 1,60922923148502 1,22906912730262 1,08945333987059 1,08945333987059 1,08945333987059 0,985447624077353 1,08945333987059 0,80461461574251 0,985447624077353 1,03875300229527 1,35436821419496 1,39363339497854 1,46901858380175 1,35436821419496 2,45813825460524 1,60922923148502 1,70684535310001 1,82891338759113 1,64241270679559 1,54071968881766 1,18436064596502 0,80461461574251 1,27220741220375 1,22906912730262 0,929088929985691 1,43182220250181 1,57534692670793 1,57534692670793 1,54071968881766 1,39363339497854 1,43182220250181 1,03875300229527 -9999 1,67493888826469 1,31393016543647 1,39363339497854 1,18436064596502 0,869083114462715 0,869083114462715 0,734509291900874 0,568948451033337 0,568948451033337 0,656965082718236 0,568948451033337 0,568948451033337 -9999 -9999 0,328482541359118 0,328482541359118 0,328482541359118 -9999 -9999 -9999 -9999 -9999 -9999 -9999 -9999 -9999 -9999 -9999
2,39138899780451 2,12881017450248 1,97089524815471 1,18436064596502 0,985447624077353 0,80461461574251 0,734509291900874 0,734509291900874 0,656965082718236 0,80461461574251 0,568948451033337 0,568948451033337 0,656965082718236 1,08945333987059 1,82891338759113 1,64241270679559 1,73816622892543 1,97089524815471 2,36872129193004 1,27220741220375 1,22906912730262 1,46901858380175 1,43182220250181 1,35436821419496 1,13789690206667 1,35436821419496 2,05137281329651 1,67493888826469 1,73816622892543 1,31393016543647 1,54071968881766 1,43182220250181 1,39363339497854 1,39363339497854 1,50529611024962 1,50529611024962 1,67493888826469 0,734509291900874 0,869083114462715 0,568948451033337 0,568948451033337 0,734509291900874 0,734509291900874 0,656965082718236 0,656965082718236 0,568948451033337 0,464544464992846 0,464544464992846 0,328482541359118 -9999 -9999 -9999 -9999 -9999 -9999 -9999 -9999 -9999 -9999 -9999 -9999 -9999 -9999 -9999 -9999
1,73816622892543 1,57534692670793 1,70684535310001 1,46901858380175 1,18436064596502 0,80461461574251 0,464544464992846 0,464544464992846 0,464544464992846 0,328482541359118 0,869083114462715 1,13789690206667 0,985447624077353 1,94332892203586 2,05137281329651 1,76893262148523 1,73816622892543 1,70684535310001 1,76893262148523 1,50529611024962 0,929088929985691 0,734509291900874 1,39363339497854 1,31393016543647 1,31393016543647 1,60922923148502 1,97089524815471 1,46901858380175 1,31393016543647 1,22906912730262 1,31393016543647 0,985447624077353 0,929088929985691 0,985447624077353 0,985447624077353 0,869083114462715 0,929088929985691 0,80461461574251 0,656965082718236 0,568948451033337 0,464544464992846 0,464544464992846 0,656965082718236 0,656965082718236 0,464544464992846 0,328482541359118 -9999 -9999 -9999 -9999 -9999 -9999 -9999 -9999 -9999 -9999 -9999 -9999 -9999 -9999 -9999 -9999 -9999 -9999 -9999
1,54071968881766 1,22906912730262 1,43182220250181 1,18436064596502 1,18436064596502 0,734509291900874 0,568948451033337 0,656965082718236 0,568948451033337 1,13789690206667 1,88698853713147 1,97089524815471 2,05137281329651 1,27220741220375 1,50529611024962 1,35436821419496 1,54071968881766 1,54071968881766 1,57534692670793 1,46901858380175 1,43182220250181 1,50529611024962 1,70684535310001 1,22906912730262 1,13789690206667 1,22906912730262 1,39363339497854 1,08945333987059 1,08945333987059 0,985447624077353 0,985447624077353 0,80461461574251 0,568948451033337 0,328482541359118 0,464544464992846 0,568948451033337 0,568948451033337 0,568948451033337 -9999 -9999 -9999 0,328482541359118 0,464544464992846 0,328482541359118 0,328482541359118 0,328482541359118 -9999 -9999 -9999 -9999 -9999 -9999 -9999 -9999 -9999 -9999 -9999 -9999 -9999 -9999 -9999 -9999 -9999 -9999 -9999
1,08945333987059 0,80461461574251 0,929088929985691 0,985447624077353 0,929088929985691 0,80461461574251 0,734509291900874 0,656965082718236 1,73816622892543 1,64241270679559 1,99808129443638 1,43182220250181 1,31393016543647 1,31393016543647 1,35436821419496 1,46901858380175 1,54071968881766 1,50529611024962 1,35436821419496 1,54071968881766 1,50529611024962 1,39363339497854 1,08945333987059 1,08945333987059 1,13789690206667 1,22906912730262 1,31393016543647 1,27220741220375 1,08945333987059 0,80461461574251 0,869083114462715 0,464544464992846 0,734509291900874 0,734509291900874 0,656965082718236 0,656965082718236 0,568948451033337 -9999 0,328482541359118 0,328482541359118 0,568948451033337 0,568948451033337 0,568948451033337 0,568948451033337 0,328482541359118 -9999 -9999 -9999 -9999 -9999 -9999 -9999 -9999 -9999 -9999 -9999 -9999 -9999 -9999 -9999 -9999 -9999 -9999 -9999 -9999
1,27220741220375 1,35436821419496 1,50529611024962 1,39363339497854 1,46901858380175 0,869083114462715 0,656965082718236 0,80461461574251 2,17890667974119 1,64241270679559 1,57534692670793 1,46901858380175 1,43182220250181 1,39363339497854 1,35436821419496 1,50529611024962 1,31393016543647 1,22906912730262 1,03875300229527 0,985447624077353 1,03875300229527 1,18436064596502 1,13789690206667 1,08945333987059 0,929088929985691 1,03875300229527 1,03875300229527 0,985447624077353 0,80461461574251 0,568948451033337 0,328482541359118 0,80461461574251 -9999 -9999 0,328482541359118 0,328482541359118 0,464544464992846 0,464544464992846 0,464544464992846 0,328482541359118 0,328482541359118 0,464544464992846 0,328482541359118 0,328482541359118 -9999 -9999 -9999 -9999 -9999 -9999 -9999 -9999 -9999 -9999 -9999 -9999 -9999 -9999 -9999 -9999 -9999 -9999 -9999 -9999 -9999
0,568948451033337 0,929088929985691 0,929088929985691 1,03875300229527 1,67493888826469 1,13789690206667 0,869083114462715 0,656965082718236 2,32272232496423 1,27220741220375 1,22906912730262 1,46901858380175 1,35436821419496 1,31393016543647 1,35436821419496 1,13789690206667 0,985447624077353 1,13789690206667 0,929088929985691 1,03875300229527 1,03875300229527 0,985447624077353 0,80461461574251 0,929088929985691 0,869083114462715 0,80461461574251 0,929088929985691 0,80461461574251 0,656965082718236 0,656965082718236 0,734509291900874 -9999 -9999 -9999 -9999 0,328482541359118 -9999 -9999 -9999 0,328482541359118 0,328482541359118 0,328482541359118 0,328482541359118 -9999 -9999 -9999 -9999 -9999 -9999 -9999 -9999 -9999 -9999 -9999 -9999 -9999 -9999 -9999 -9999 -9999 -9999 -9999 -9999 -9999 -9999
0,985447624077353 0,929088929985691 0,985447624077353 1,18436064596502 1,57534692670793 1,82891338759113 2,02490237768498 2,20352787570262 1,46901858380175 1,35436821419496 0,929088929985691 0,985447624077353 0,734509291900874 0,656965082718236 0,656965082718236 0,929088929985691 0,985447624077353 1,03875300229527 0,869083114462715 0,869083114462715 0,869083114462715 0,734509291900874 0,734509291900874 0,328482541359118 0,464544464992846 0,328482541359118 0,568948451033337 0,464544464992846 0,464544464992846 0,328482541359118 0,328482541359118 0,328482541359118 0,328482541359118 0,328482541359118 0,328482541359118 0,328482541359118 0,328482541359118 -9999 -9999 -9999 -9999 -9999 -9999 -9999 -9999 -9999 -9999 -9999 -9999 -9999 -9999 -9999 -9999 -9999 -9999 -9999 -9999 -9999 -9999 -9999 -9999 -9999 -9999 -9999 -9999
0,568948451033337 0,568948451033337 0,464544464992846 1,35436821419496 1,64241270679559 1,57534692670793 1,79917297649013 1,46901858380175 1,03875300229527 1,22906912730262 0,869083114462715 0,929088929985691 0,80461461574251 0,568948451033337 0,568948451033337 0,568948451033337 0,734509291900874 0,656965082718236 0,80461461574251 0,80461461574251 0,80461461574251 0,656965082718236 0,568948451033337 0,656965082718236 0,464544464992846 0,464544464992846 0,568948451033337 0,656965082718236 0,464544464992846 0,328482541359118 0,328482541359118 -9999 -9999 0,328482541359118 -9999 -9999 -9999 -9999 -9999 -9999 -9999 -9999 -9999 -9999 -9999 -9999 -9999 -9999 -9999 -9999 -9999 -9999 -9999 -9999 -9999 -9999 -9999 -9999 -9999 -9999 -9999 -9999 -9999 -9999 -9999
1,03875300229527 1,27220741220375 1,50529611024962 0,985447624077353 1,08945333987059 1,13789690206667 1,22906912730262 1,27220741220375 0,985447624077353 0,464544464992846 0,929088929985691 0,734509291900874 0,734509291900874 0,734509291900874 0,80461461574251 0,568948451033337 0,80461461574251 0,929088929985691 0,80461461574251 0,464544464992846 0,656965082718236 0,656965082718236 0,568948451033337 0,568948451033337 0,464544464992846 0,568948451033337 0,568948451033337 0,328482541359118 0,328482541359118 -9999 0,328482541359118 0,328482541359118 0,328482541359118 -9999 -9999 -9999 -9999 -9999 -9999 -9999 -9999 -9999 -9999 -9999 -9999 -9999 -9999 -9999 -9999 -9999 -9999 -9999 -9999 -9999 -9999 -9999 -9999 -9999 -9999 -9999 -9999 -9999 -9999 -9999 -9999
1,18436064596502 1,73816622892543 1,13789690206667 0,656965082718236 0,656965082718236 0,869083114462715 0,985447624077353 0,869083114462715 0,985447624077353 0,985447624077353 0,328482541359118 0,464544464992846 0,568948451033337 0,568948451033337 0,734509291900874 0,80461461574251 0,929088929985691 0,734509291900874 0,80461461574251 0,568948451033337 0,464544464992846 0,464544464992846 -9999 -9999 -9999 0,328482541359118 0,464544464992846 0,464544464992846 0,464544464992846 0,328482541359118 -9999 -9999 -9999 -9999 -9999 -9999 -9999 -9999 -9999 -9999 -9999 -9999 -9999 -9999 -9999 -9999 -9999 -9999 -9999 -9999 -9999 -9999 -9999 -9999 -9999 -9999 -9999 -9999 -9999 -9999 -9999 -9999 -9999 -9999 -9999
1,88698853713147 0,869083114462715 1,08945333987059 0,985447624077353 0,985447624077353 0,80461461574251 0,734509291900874 0,656965082718236 0,568948451033337 0,80461461574251 0,568948451033337 0,568948451033337 0,464544464992846 0,568948451033337 0,464544464992846 0,656965082718236 0,656965082718236 0,328482541359118 0,464544464992846 0,656965082718236 0,328482541359118 0,464544464992846 0,464544464992846 0,464544464992846 0,328482541359118 -9999 -9999 0,328482541359118 -9999 -9999 -9999 -9999 -9999 -9999 -9999 -9999 -9999 -9999 -9999 -9999 -9999 -9999 -9999 -9999 -9999 -9999 -9999 -9999 -9999 -9999 -9999 -9999 -9999 -9999 -9999 -9999 -9999 -9999 -9999 -9999 -9999 -9999 -9999 -9999 -9999
1,57534692670793 0,734509291900874 0,734509291900874 0,464544464992846 0,734509291900874 0,656965082718236 0,80461461574251 0,464544464992846 0,328482541359118 0,656965082718236 0,734509291900874 0,464544464992846 0,568948451033337 0,328482541359118 0,328482541359118 0,568948451033337 0,568948451033337 -9999 0,464544464992846 0,328482541359118 -9999 -9999 0,464544464992846 0,328482541359118 -9999 -9999 0,328482541359118 -9999 -9999 -9999 -9999 -9999 -9999 -9999 -9999 -9999 -9999 -9999 -9999 -9999 -9999 -9999 -9999 -9999 -9999 -9999 -9999 -9999 -9999 -9999 -9999 -9999 -9999 -9999 -9999 -9999 -9999 -9999 -9999 -9999 -9999 -9999 -9999 -9999 -9999
0,985447624077353 0,869083114462715 0,80461461574251 0,734509291900874 0,568948451033337 0,568948451033337 0,656965082718236 0,656965082718236 0,80461461574251 0,568948451033337 0,568948451033337 0,464544464992846 0,656965082718236 0,656965082718236 0,568948451033337 0,464544464992846 0,568948451033337 0,568948451033337 0,568948451033337 0,328482541359118 0,328482541359118 0,328482541359118 0,328482541359118 0,328482541359118 0,464544464992846 0,328482541359118 0,328482541359118 0,328482541359118 0,328482541359118 -9999 -9999 -9999 -9999 -9999 -9999 -9999 -9999 -9999 -9999 -9999 -9999 -9999 -9999 -9999 -9999 -9999 -9999 -9999 -9999 -9999 -9999 -9999 -9999 -9999 -9999 -9999 -9999 -9999 -9999 -9999 -9999 -9999 -9999 -9999 -9999
1,08945333987059 0,985447624077353 0,656965082718236 0,464544464992846 0,464544464992846 0,464544464992846 0,464544464992846 0,464544464992846 0,464544464992846 0,328482541359118 0,656965082718236 0,568948451033337 0,464544464992846 0,328482541359118 -9999 0,464544464992846 0,464544464992846 0,328482541359118 0,464544464992846 0,328482541359118 0,464544464992846 0,568948451033337 0,328482541359118 0,328482541359118 0,464544464992846 0,464544464992846 0,328482541359118 0,328482541359118 -9999 -9999 -9999 -9999 -9999 -9999 -9999 -9999 -9999 -9999 -9999 -9999 -9999 -9999 -9999 -9999 -9999 -9999 -9999 -9999 -9999 -9999 -9999 -9999 -9999 -9999 -9999 -9999 -9999 -9999 -9999 -9999 -9999 -9999 -9999 -9999 -9999
0,656965082718236 0,464544464992846 0,734509291900874 0,656965082718236 0,464544464992846 0,464544464992846 0,464544464992846 0,328482541359118 0,464544464992846 0,464544464992846 0,80461461574251 0,568948451033337 0,464544464992846 0,328482541359118 -9999 -9999 0,328482541359118 0,464544464992846 0,568948451033337 0,568948451033337 0,464544464992846 -9999 0,464544464992846 0,328482541359118 0,328482541359118 0,328482541359118 0,328482541359118 0,328482541359118 -9999 -9999 -9999 -9999 -9999 -9999 -9999 -9999 -9999 -9999 -9999 -9999 -9999 -9999 -9999 -9999 -9999 -9999 -9999 -9999 -9999 -9999 -9999 -9999 -9999 -9999 -9999 -9999 -9999 -9999 -9999 -9999 -9999 -9999 -9999 -9999 -9999
0,656965082718236 0,656965082718236 0,568948451033337 0,464544464992846 0,568948451033337 0,656965082718236 0,656965082718236 0,734509291900874 0,734509291900874 0,80461461574251 0,80461461574251 0,568948451033337 0,328482541359118 0,328482541359118 -9999 -9999 0,328482541359118 0,328482541359118 0,464544464992846 0,464544464992846 -9999 -9999 -9999 -9999 -9999 -9999 -9999 -9999 -9999 -9999 -9999 -9999 -9999 -9999 -9999 -9999 -9999 -9999 -9999 -9999 -9999 -9999 -9999 -9999 -9999 -9999 -9999 -9999 -9999 -9999 -9999 -9999 -9999 -9999 -9999 -9999 -9999 -9999 -9999 -9999 -9999 -9999 -9999 -9999 -9999
0,464544464992846 0,464544464992846 0,328482541359118 -9999 0,328482541359118 0,328482541359118 0,328482541359118 0,464544464992846 0,328482541359118 0,464544464992846 0,568948451033337 0,464544464992846 0,464544464992846 0,464544464992846 0,464544464992846 0,464544464992846 0,328482541359118 0,464544464992846 0,328482541359118 0,328482541359118 -9999 -9999 -9999 -9999 -9999 -9999 -9999 -9999 -9999 -9999 -9999 -9999 -9999 -9999 -9999 -9999 -9999 -9999 -9999 -9999 -9999 -9999 -9999 -9999 -9999 -9999 -9999 -9999 -9999 -9999 -9999 -9999 -9999 -9999 -9999 -9999 -9999 -9999 -9999 -9999 -9999 -9999 -9999 -9999 -9999
0,656965082718236 -9999 -9999 0,328482541359118 0,464544464992846 0,464544464992846 0,464544464992846 0,656965082718236 0,568948451033337 0,656965082718236 0,568948451033337 0,464544464992846 0,328482541359118 0,464544464992846 0,464544464992846 0,328482541359118 0,328482541359118 0,328482541359118 0,328482541359118 -9999 -9999 -9999 -9999 -9999 -9999 -9999 -9999 -9999 -9999 -9999 -9999 -9999 -9999 -9999 -9999 -9999 -9999 -9999 -9999 -9999 -9999 -9999 -9999 -9999 -9999 -9999 -9999 -9999 -9999 -9999 -9999 -9999 -9999 -9999 -9999 -9999 -9999 -9999 -9999 -9999 -9999 -9999 -9999 -9999 -9999
0,568948451033337 0,328482541359118 0,328482541359118 0,328482541359118 0,464544464992846 0,568948451033337 0,568948451033337 0,464544464992846 0,568948451033337 0,328482541359118 0,464544464992846 0,328482541359118 0,328482541359118 0,328482541359118 0,328482541359118 -9999 -9999 -9999 -9999 -9999 -9999 -9999 -9999 -9999 -9999 -9999 -9999 -9999 -9999 -9999 -9999 -9999 -9999 -9999 -9999 -9999 -9999 -9999 -9999 -9999 -9999 -9999 -9999 -9999 -9999 -9999 -9999 -9999 -9999 -9999 -9999 -9999 -9999 -9999 -9999 -9999 -9999 -9999 -9999 -9999 -9999 -9999 -9999 -9999 -9999
0,464544464992846 -9999 -9999 0,328482541359118 0,464544464992846 0,328482541359118 0,328482541359118 0,328482541359118 0,328482541359118 0,328482541359118 0,464544464992846 0,464544464992846 -9999 -9999 -9999 -9999 -9999 -9999 -9999 -9999 -9999 -9999 -9999 -9999 -9999 -9999 -9999 -9999 -9999 -9999 -9999 -9999 -9999 -9999 -9999 -9999 -9999 -9999 -9999 -9999 -9999 -9999 -9999 -9999 -9999 -9999 -9999 -9999 -9999 -9999 -9999 -9999 -9999 -9999 -9999 -9999 -9999 -9999 -9999 -9999 -9999 -9999 -9999 -9999 -9999
0,568948451033337 0,328482541359118 0,568948451033337 0,568948451033337 0,656965082718236 0,656965082718236 0,464544464992846 0,328482541359118 0,464544464992846 0,328482541359118 0,328482541359118 0,328482541359118 -9999 -9999 -9999 -9999 -9999 -9999 -9999 -9999 -9999 -9999 -9999 -9999 -9999 -9999 -9999 -9999 -9999 -9999 -9999 -9999 -9999 -9999 -9999 -9999 -9999 -9999 -9999 -9999 -9999 -9999 -9999 -9999 -9999 -9999 -9999 -9999 -9999 -9999 -9999 -9999 -9999 -9999 -9999 -9999 -9999 -9999 -9999 -9999 -9999 -9999 -9999 -9999 -9999
