Scenarios/Scenario_3/topofan.asc
ncols         384
nrows         335
xllcorner     674248.2035732
yllcorner     151759.80777477
cellsize      2.5
NODATA_value  -9999
[rows 140 to 167 of 335, columns 320 to 383 of 384]
1920.557 1922.125 1923.72 1924.73 1925.79 1927.097 1928.375 1929.857 1931.267 1933.024 1934.833 1936.17 1937.402 1938.39 1939.78 1941.105 1942.152 1943.167 1944.307 1945.382 1946.532 1948.017 1949.078 1950.09 1951.448 1952.59 1954.04 1955.599 1957.669 1959.35 1960.603 1961.419 1963.238 1965.073 1966.495 1968.156 1970.348 1971.938 1973.153 1975.36 1976.849 1978.693 1980.493 1981.875 1983.127 1984.795 1986.152 1988.355 1989.676 1991.595 1993.297 1994.845 1996.537 1998.313 1999.81 2001.313 2003.138 2004.012 2005.271 2006.529 2007.609 2008.663 2009.791 2010.863
1919.588 1921.532 1922.4 1923.79 1924.722 1926.133 1926.963 1928.382 1930.177 1932.371 1934.078 1935.06 1936.698 1937.55 1938.647 1940.063 1941.323 1942.513 1943.892 1944.988 1946.177 1947.32 1948.59 1949.737 1951.225 1952.218 1953.831 1955.355 1956.815 1958.345 1959.639 1961.438 1963.06 1964.297 1965.902 1967.943 1969.328 1970.835 1972.53 1973.83 1976.012 1977.297 1979.397 1980.882 1982.58 1984.462 1986.15 1987.765 1989.177 1990.983 1992.929 1994.115 1996.057 1997.273 1998.647 1999.863 2001.118 2002.818 2003.529 2005.222 2006.17 2007.363 2008.203 2010.115
1919.367 1920.23 1921.462 1922.797 1923.74 1924.953 1926.137 1927.725 1930.312 1932.078 1933.637 1934.742 1935.978 1937.17 1938.18 1939.622 1940.478 1941.97 1943.1 1944.133 1945.478 1946.51 1947.78 1949.643 1950.692 1951.925 1953.515 1954.83 1956.147 1957.563 1959.13 1961.092 1962.863 1964.353 1965.944 1967.405 1968.932 1970.698 1972.052 1974.052 1975.795 1977.66 1979.182 1980.856 1982.505 1984.073 1985.828 1987.403 1989.219 1990.363 1991.828 1992.97 1994.947 1995.985 1997.2 1998.54 1999.573 2001.401 2002.319 2003.393 2004.832 2005.787 2007.238 2009.19
1918.075 1919.612 1920.59 1921.67 1922.887 1924.12 1925.7 1927.297 1929.14 1931.685 1933.355 1933.953 1934.94 1936.143 1937.28 1938.287 1939.563 1941 1942.445 1943.713 1944.917 1946.063 1947.51 1949.09 1950.527 1951.88 1953.147 1954.575 1956.137 1957.458 1958.995 1960.714 1962.837 1964.108 1965.325 1966.807 1968.571 1970.455 1972.259 1974.03 1975.667 1977.29 1978.747 1980.748 1981.868 1983.195 1984.84 1986.376 1987.525 1989.299 1990.907 1992.208 1993.31 1994.669 1996.115 1997.008 1998.372 1999.637 2001.167 2002.265 2003.617 2005 2006.285 2007.932
1917.409 1918.677 1919.998 1920.965 1922.451 1923.498 1924.976 1926.74 1928.348 1930.365 1931.826 1932.89 1933.975 1935.267 1936.458 1937.815 1939.142 1940.34 1941.6 1942.805 1943.983 1945.075 1946.515 1948.523 1949.865 1951.362 1953.238 1954.593 1955.622 1957.456 1958.734 1960.232 1961.917 1963.485 1964.943 1967.035 1968.488 1970.55 1972.01 1973.259 1975.013 1976.2 1977.461 1979.339 1980.502 1982.185 1983.275 1984.917 1986.078 1988.269 1989.127 1991.13 1992.073 1993.465 1994.594 1995.963 1997.145 1998.646 1999.772 2001.262 2002.805 2004.095 2005.792 2006.813
1916.912 1918 1919.117 1920.445 1921.617 1923.065 1924.545 1926.685 1928.09 1929.177 1930.127 1931.537 1933.018 1934.276 1935.733 1936.895 1938.25 1939.807 1940.57 1942.113 1943.6 1945.103 1946.455 1947.535 1949.1 1950.475 1952.304 1953.328 1955.132 1956.655 1958.244 1960.158 1961.568 1963.445 1964.883 1966.193 1967.967 1969.824 1970.92 1972.323 1973.807 1975.203 1977.02 1978.125 1979.93 1981.19 1982.43 1984.03 1984.813 1986.872 1988.434 1989.978 1990.945 1992.377 1993.663 1994.922 1996.368 1997.677 1998.719 2000.088 2001.995 2002.99 2004.598 2005.99
1916.473 1917.455 1918.475 1919.74 1920.83 1922.749 1924.501 1926.015 1927.045 1928.302 1929.782 1930.598 1931.802 1933.703 1934.688 1936.26 1937.785 1938.873 1940.06 1941.368 1942.897 1944.431 1945.675 1946.578 1948.157 1950.285 1951.787 1953.416 1954.885 1956.565 1957.953 1959.833 1960.961 1962.593 1964.35 1966.188 1967.355 1968.539 1970.075 1971.5 1972.792 1974.104 1975.83 1977.251 1978.701 1980.119 1981.406 1983.282 1984.56 1986.02 1987.237 1988.421 1989.951 1991.51 1992.756 1994.081 1995.419 1996.885 1998.064 1999.378 2001.177 2001.966 2003.425 2004.927
1915.415 1916.593 1917.945 1919.042 1920.255 1922.404 1924.165 1925.488 1926.865 1928.28 1929.282 1930.185 1931.427 1932.443 1933.749 1935.147 1936.74 1938.17 1939.488 1941.017 1942.098 1943.927 1945.33 1946.538 1948.23 1949.695 1951.271 1952.872 1954.66 1956.395 1957.985 1959.695 1960.714 1962.282 1963.8 1965.14 1966.292 1967.787 1969.248 1970.205 1971.964 1973.236 1974.538 1976.505 1977.971 1979.275 1980.715 1982.164 1983.472 1985.083 1986.44 1988.105 1989.06 1990.489 1991.972 1993.695 1994.711 1996.06 1997.3 1998.907 2000.338 2001.735 2003.012 2004.723
1915.105 1916.175 1917.42 1918.308 1919.677 1921.113 1922.909 1924.589 1925.786 1927.166 1928.57 1929.28 1930.705 1931.925 1932.814 1934.325 1935.677 1937.505 1939.123 1939.778 1941.37 1943.052 1944.491 1946.276 1947.588 1949.378 1950.963 1952.258 1953.897 1955.518 1957.095 1958.393 1960.195 1961.478 1962.86 1963.715 1965.363 1966.802 1967.843 1969.585 1970.76 1972.23 1973.981 1975.453 1976.741 1978.432 1979.48 1980.948 1982.555 1984.086 1985.326 1986.998 1988.323 1989.802 1991.407 1992.683 1993.98 1995.645 1997.026 1998.635 2000.05 2001.667 2003.147 2004.861
1913.945 1915.252 1916.513 1917.807 1919.035 1920.872 1921.858 1923.815 1924.943 1925.88 1927.19 1928.597 1929.728 1931.09 1932.552 1933.62 1935.118 1936.305 1937.603 1939.018 1940.297 1942.548 1943.975 1945.62 1947.243 1949.065 1950.55 1951.743 1953.515 1954.58 1956.185 1957.555 1959.2 1960.475 1961.953 1963.088 1964.236 1965.57 1966.95 1968.293 1969.893 1971.278 1972.915 1974.365 1975.997 1977.385 1978.68 1980.21 1981.777 1983.05 1984.667 1986.26 1987.628 1989.33 1990.69 1992.078 1993.647 1995.185 1996.723 1998.587 2000.137 2001.583 2003.277 2004.865
1913.282 1914.845 1916.042 1916.756 1918.637 1920.354 1921.496 1922.674 1923.772 1925.153 1926.475 1927.77 1929.027 1930.66 1932.14 1933.38 1934.195 1935.74 1936.985 1938.778 1940.147 1941.693 1943.231 1944.945 1946.989 1948.492 1950.443 1951.498 1952.815 1954.29 1955.405 1956.818 1958.315 1959.307 1960.634 1962.325 1963.438 1964.951 1966.348 1967.65 1969.242 1970.443 1971.927 1973.485 1975.155 1976.527 1977.633 1979.297 1980.782 1982.303 1983.682 1985.49 1986.847 1988.63 1990.57 1991.915 1993.632 1995.357 1997.147 1998.75 2000.518 2002.28 2004.109 2005.435
1912.948 1914.04 1914.97 1916.25 1917.906 1919.414 1920.04 1921.722 1923.175 1924.912 1926.01 1927.157 1928.813 1929.825 1931.398 1932.39 1933.751 1935.405 1936.765 1938.407 1939.917 1941.5 1943.2 1945.027 1946.21 1947.875 1949.238 1950.883 1952.15 1953.728 1954.853 1956.19 1957.549 1958.425 1959.8 1960.887 1962.818 1964.13 1965.185 1966.925 1968.179 1969.693 1971.19 1972.755 1974.222 1976.06 1977.37 1978.91 1980.598 1982.135 1983.517 1985.105 1986.69 1988.558 1990.387 1992.068 1993.647 1995.667 1997.132 1998.815 2000.772 2002.09 2003.537 2005.262
1912.218 1913.33 1914.532 1915.704 1916.755 1918.195 1919.68 1921.25 1922.512 1924.215 1925.427 1926.568 1928.056 1929.505 1931.25 1932.295 1933.104 1935.157 1936.508 1937.867 1939.902 1941.159 1942.665 1944.052 1945.544 1947.448 1948.737 1949.69 1951.098 1952.177 1954.055 1955.318 1956.385 1957.713 1959.155 1960.465 1962.08 1963.248 1965.037 1966.235 1967.498 1968.825 1970.935 1972.262 1973.86 1975.695 1977.073 1978.525 1980.052 1982.103 1983.6 1985.078 1986.607 1988.272 1989.95 1991.982 1993.485 1995.14 1996.458 1998.255 2000.127 2001.983 2003.123 2004.8
1911.795 1913.04 1914.155 1915.463 1916.535 1917.857 1919.368 1920.87 1922.318 1923.265 1924.535 1925.83 1927.485 1929.245 1930.404 1931.307 1932.76 1934.617 1935.85 1937.409 1939.237 1940.633 1941.775 1943.455 1944.855 1946.385 1947.417 1948.853 1950.07 1951.975 1953.115 1954.576 1955.913 1957.185 1958.78 1959.987 1961.335 1962.575 1964.26 1965.75 1967.578 1968.823 1970.492 1972.282 1973.755 1974.963 1976.8 1978.484 1979.785 1981.305 1982.935 1984.345 1986.16 1987.95 1989.115 1991.105 1992.626 1994.305 1996.44 1997.78 1999.692 2001.065 2002.601 2004.547
1911.552 1912.535 1913.778 1914.736 1916.328 1917.525 1918.917 1920.49 1921.422 1922.472 1923.542 1925.344 1926.946 1928.307 1929.422 1930.855 1932.89 1934.12 1935.55 1937.002 1938.35 1939.787 1941.1 1942.438 1943.858 1945.208 1946.998 1948.42 1949.795 1951.483 1952.205 1953.748 1955.462 1957.16 1958.057 1959.255 1960.978 1962.448 1964.027 1965.71 1967.373 1968.978 1970.085 1971.777 1973.272 1975.057 1976.522 1977.955 1979.637 1980.963 1982.953 1984.21 1985.78 1987.368 1988.975 1990.785 1992.33 1993.943 1995.525 1997.145 1999.031 1999.96 2001.652 2003.697
1910.79 1911.845 1912.992 1914.127 1915.302 1916.807 1918.36 1919.768 1921.005 1922.223 1923.72 1925.18 1926.573 1927.845 1929.028 1930.712 1931.95 1933.525 1934.755 1936.557 1937.912 1939.54 1940.785 1942.057 1943.365 1944.863 1946.2 1947.883 1949.03 1950.445 1951.978 1953.258 1954.972 1956.407 1957.617 1959.1 1960.807 1962.235 1963.949 1965.373 1966.925 1968.59 1969.9 1971.655 1973.24 1974.58 1975.948 1977.414 1979.252 1980.825 1982.469 1983.935 1985.492 1987.18 1988.785 1990.462 1992.255 1993.655 1994.887 1996.813 1998.078 1999.705 2001.816 2003.909
1910.103 1911.188 1912.201 1913.405 1914.93 1915.978 1917.64 1919.227 1920.725 1922.224 1923.422 1924.797 1926.135 1927.443 1928.735 1930.115 1931.242 1932.869 1934.188 1935.377 1937.29 1938.994 1940.517 1941.708 1943.193 1944.45 1945.782 1947.248 1948.748 1950.29 1951.575 1953.105 1954.318 1955.8 1957.349 1959.017 1960.358 1962.105 1963.715 1965.025 1966.347 1968.025 1969.575 1971.145 1972.537 1973.948 1975.746 1977.448 1979.422 1980.728 1982.116 1983.853 1985.333 1986.753 1988.436 1989.97 1991.215 1993.018 1994.432 1996.245 1998.047 1999.902 2001.96 2004.155
1908.843 1910.125 1911.398 1912.305 1914.28 1915.277 1917.066 1918.552 1920.188 1921.33 1922.991 1924.127 1925.572 1927.101 1928.425 1929.307 1930.868 1932.085 1933.285 1935.027 1936.745 1938.435 1940.22 1941.483 1942.665 1943.96 1945.228 1947.1 1948.063 1949.81 1951.458 1952.907 1953.995 1955.53 1957.265 1958.571 1959.813 1961.767 1962.897 1964.722 1965.917 1967.615 1969.177 1970.728 1972.068 1973.873 1975.195 1976.76 1978.94 1979.978 1981.674 1982.897 1984.958 1986.39 1987.621 1989.505 1990.87 1992.883 1994.182 1996.24 1998.135 1999.585 2001.448 2002.873
1907.91 1909.297 1910.383 1911.797 1913.201 1914.845 1916.532 1917.867 1919.505 1920.96 1922.454 1923.455 1924.47 1926.075 1927.625 1928.745 1930.417 1931.677 1933.36 1934.765 1936.1 1937.802 1939.445 1940.815 1942.23 1943.387 1944.685 1946.518 1948.135 1949.385 1951.135 1952.563 1953.93 1955.443 1956.963 1958.425 1959.61 1961.065 1962.268 1963.955 1965.938 1967.633 1968.865 1970.458 1971.895 1973.275 1974.945 1976.635 1977.858 1979.343 1981.215 1982.762 1984.627 1986.073 1987.545 1989.15 1990.497 1992.275 1993.825 1995.335 1997.1 1998.639 2000.196 2001.422
1907.387 1908.885 1909.9 1911.347 1912.883 1914.35 1915.8 1917.215 1918.532 1919.795 1921.431 1922.841 1924.195 1925.397 1926.982 1928.47 1929.887 1931.427 1932.979 1934.06 1936.02 1937.43 1938.63 1939.738 1941.453 1942.943 1944.532 1945.62 1947.585 1949.015 1950.75 1952.083 1953.605 1954.995 1956.473 1957.755 1959.045 1960.517 1962.563 1963.99 1965.598 1967.105 1968.552 1969.873 1971.672 1973.155 1974.407 1976.063 1977.716 1979.57 1981.02 1982.735 1984.045 1985.445 1987.115 1988.833 1990.365 1991.813 1993.298 1994.893 1996.14 1997.886 1999.165 2000.32
1906.867 1908.22 1909.76 1911.093 1912.36 1913.585 1915.035 1916.647 1918.116 1919.733 1920.722 1921.785 1923.625 1924.985 1926.52 1928.012 1929.637 1930.915 1932.555 1933.753 1935.33 1936.732 1937.988 1939.58 1941.09 1942.417 1944.155 1945.58 1947.472 1948.945 1950.415 1951.745 1953.385 1954.611 1956.068 1957.565 1959.117 1960.59 1962.157 1963.537 1965.374 1966.99 1968.318 1969.769 1971.105 1972.96 1974.075 1975.915 1977.547 1979.06 1980.39 1982.063 1983.517 1985.025 1986.465 1988.198 1989.762 1991.061 1992.54 1993.997 1995.082 1996.777 1998.042 1999.685
1906.833 1908.112 1909.189 1910.211 1911.735 1913.261 1914.527 1915.905 1917.445 1919.01 1920.757 1921.68 1923.666 1924.75 1926.201 1928.118 1929.53 1930.55 1932.21 1933.729 1934.888 1936.13 1937.875 1939.233 1940.527 1942.2 1943.613 1945.455 1947.188 1948.695 1950.13 1951.708 1952.992 1954.402 1955.68 1957.248 1958.823 1960.177 1961.8 1963.395 1964.627 1966.21 1967.922 1969.175 1971.015 1972.385 1974.055 1975.647 1977.132 1978.395 1980.135 1981.482 1983.017 1984.297 1985.657 1987.425 1988.815 1990.144 1991.302 1992.552 1994.135 1995.841 1997.39 1998.958
1906.4 1907.571 1908.788 1910.315 1911.353 1912.6 1914.213 1915.622 1917.195 1918.873 1920.088 1921.522 1922.742 1924.367 1925.897 1927.427 1928.578 1930.088 1931.813 1933.015 1934.512 1936.238 1937.565 1938.895 1940.233 1941.807 1943.67 1945.032 1946.703 1948.355 1949.65 1951.15 1952.488 1954.13 1955.953 1957.275 1958.54 1959.932 1961.215 1962.725 1964.53 1965.891 1967.325 1968.92 1970.358 1972.016 1973.69 1974.965 1976.88 1978.405 1979.497 1981.065 1982.532 1984.09 1985.35 1986.412 1988.2 1989.438 1990.815 1992.155 1993.837 1995.19 1996.532 1997.97
1905.991 1907.247 1908.642 1910.04 1910.911 1912.323 1914.157 1915.64 1916.74 1918.216 1919.688 1921.003 1922.77 1924.004 1925.302 1927.008 1928.193 1929.6 1930.925 1932.492 1934.44 1935.862 1936.973 1938.42 1939.775 1941.407 1943.59 1945.048 1946.813 1947.865 1949.182 1950.915 1952.468 1953.991 1955.323 1956.992 1958.05 1959.537 1960.802 1962.465 1963.84 1965.318 1966.853 1968.62 1970.218 1971.466 1973.305 1974.985 1976.477 1977.67 1979.142 1980.318 1981.86 1983.57 1984.667 1986.09 1987.578 1988.51 1989.927 1991.953 1993.295 1994.193 1995.695 1996.809
1905.753 1907.111 1908.06 1909.627 1910.726 1912.35 1913.715 1915.152 1916.54 1917.894 1919.532 1920.804 1922.468 1923.887 1925.15 1926.745 1927.735 1929.246 1930.453 1931.95 1934.045 1935.282 1936.465 1937.925 1939.318 1941.126 1942.94 1944.448 1946.114 1947.838 1949.272 1950.505 1951.975 1953.685 1954.989 1956.005 1957.585 1959.153 1960.49 1961.705 1963.133 1965.012 1966.245 1967.983 1970.1 1971.482 1973.21 1974.443 1975.775 1977.117 1978.522 1979.968 1981.366 1982.841 1983.829 1985.282 1986.517 1987.609 1989.55 1991.006 1992.631 1993.022 1994.653 1996.17
1905.52 1906.645 1907.943 1909.401 1910.363 1911.84 1913.137 1914.833 1916.125 1917.422 1919.01 1920.755 1922.03 1923.585 1925.044 1926.099 1927.438 1928.88 1929.973 1931.38 1932.945 1934.635 1935.96 1937.34 1939.238 1940.99 1942.495 1943.81 1945.575 1947.052 1948.675 1950.103 1951.802 1952.893 1954.459 1955.757 1956.99 1958.495 1960.282 1961.157 1962.752 1963.982 1965.335 1967.711 1970.162 1971.512 1972.4 1973.887 1975.405 1976.65 1977.935 1979.2 1980.386 1981.584 1983.02 1984.645 1985.807 1987.258 1988.547 1990.001 1991.432 1992.417 1993.666 1995.093
1905.17 1906.425 1908.04 1909.203 1910.31 1911.485 1913.258 1914.48 1916.042 1917.392 1918.547 1920.11 1921.693 1923.083 1924.422 1925.397 1926.78 1928.02 1929.417 1930.805 1932.21 1933.992 1935.338 1936.853 1938.347 1940.093 1942.426 1943.946 1945.302 1946.432 1948.017 1949.532 1951.178 1952.392 1953.637 1955.065 1956.397 1957.47 1959.022 1960.495 1961.838 1963.383 1964.708 1965.967 1968.596 1970.325 1971.495 1972.958 1974.38 1975.4 1976.772 1978.18 1979.463 1981.477 1982.595 1983.537 1985.292 1986.359 1987.715 1989.316 1990.632 1991.765 1993.093 1994.218
1904.7 1905.99 1907.44 1908.7 1910.182 1911.369 1912.792 1913.968 1915.329 1917.077 1918.25 1919.953 1921.078 1922.309 1923.83 1925.195 1926.407 1927.705 1928.95 1930.455 1932.083 1933.39 1934.975 1936.225 1937.708 1939.75 1941.378 1943.015 1943.756 1945.497 1946.998 1947.944 1949.737 1951.685 1952.968 1954.45 1955.802 1957.145 1958.675 1959.705 1961.083 1962.402 1964.035 1965.647 1967.157 1968.802 1970.501 1971.89 1973.407 1974.499 1976.282 1977.873 1979.302 1980.574 1981.623 1982.83 1984.218 1985.27 1986.886 1987.902 1989.459 1990.653 1991.86 1993.244
