Scenarios/Scenario_3/topofan.asc
ncols         384
nrows         335
xllcorner     674248.2035732
yllcorner     151759.80777477
cellsize      2.5
NODATA_value  -9999
[rows 0 to 27 of 335, columns 320 to 383 of 384]
2081.27 2084.574 2087.21 2089.415 2093.39 2096.775 2099.701 2099.667 2099.687 2099.687 2099.687 2099.687 2099.687 2099.688 2099.688 2099.688 2099.688 2099.688 2099.566 2099.438 2099.482 2099.525 2099.568 2099.611 2099.654 2099.68 2099.697 2099.714 2099.731 2099.749 2099.766 2099.783 2099.8 2099.805 2099.806 2099.788 2099.77 2099.537 2099.332 2099.308 2099.32 2099.334 2099.348 2099.363 2099.377 2099.391 2099.406 2099.42 2099.434 2099.448 2099.463 2099.477 2099.491 2099.506 2099.52 2099.534 2099.549 2099.563 2099.577 2099.592 2099.606 2099.62 2099.635 2099.649
2078.743 2083.135 2084.923 2088.089 2091.373 2095.997 2099.101 2099.692 2099.621 2099.669 2099.696 2099.697 2099.697 2099.697 2099.697 2099.697 2099.697 2099.698 2099.698 2099.698 2099.421 2099.497 2099.54 2099.583 2099.626 2099.669 2099.692 2099.709 2099.727 2099.744 2099.761 2099.778 2099.795 2099.813 2099.809 2099.794 2099.776 2099.623 2099.33 2099.3 2099.315 2099.329 2099.343 2099.358 2099.372 2099.386 2099.401 2099.415 2099.429 2099.444 2099.458 2099.472 2099.487 2099.501 2099.515 2099.529 2099.544 2099.558 2099.572 2099.587 2099.601 2099.615 2099.63 2099.644
2076.379 2081.226 2084.526 2086.945 2090.617 2094.831 2098.342 2099.752 2099.682 2099.611 2099.54 2099.671 2099.706 2099.706 2099.706 2099.707 2099.707 2099.707 2099.707 2099.707 2099.707 2099.341 2099.512 2099.555 2099.599 2099.642 2099.685 2099.705 2099.722 2099.739 2099.757 2099.774 2099.791 2099.808 2099.799 2099.8 2099.782 2099.709 2099.327 2099.295 2099.31 2099.324 2099.338 2099.353 2099.367 2099.381 2099.396 2099.41 2099.424 2099.439 2099.453 2099.467 2099.482 2099.496 2099.51 2099.525 2099.539 2099.553 2099.568 2099.582 2099.596 2099.611 2099.625 2099.639
2077.12 2081.809 2084.788 2086.994 2090.733 2094.41 2097.956 2099.813 2099.743 2099.672 2099.601 2099.531 2099.527 2099.673 2099.716 2099.716 2099.716 2099.716 2099.716 2099.716 2099.717 2099.717 2099.594 2099.528 2099.571 2099.614 2099.657 2099.7 2099.718 2099.735 2099.752 2099.769 2099.786 2099.803 2099.809 2099.806 2099.788 2099.795 2099.324 2099.291 2099.305 2099.319 2099.333 2099.348 2099.362 2099.376 2099.391 2099.405 2099.419 2099.434 2099.448 2099.462 2099.477 2099.491 2099.505 2099.52 2099.534 2099.548 2099.563 2099.577 2099.591 2099.606 2099.62 2099.634
2078.911 2082.255 2085.069 2087.995 2091.691 2094.684 2097.605 2099.718 2099.803 2099.733 2099.662 2099.591 2099.521 2099.45 2099.529 2099.675 2099.725 2099.725 2099.726 2099.726 2099.726 2099.726 2099.726 2099.726 2099.543 2099.586 2099.629 2099.672 2099.713 2099.73 2099.747 2099.765 2099.782 2099.799 2099.816 2099.812 2099.794 2099.831 2099.322 2099.286 2099.3 2099.314 2099.329 2099.343 2099.357 2099.372 2099.386 2099.4 2099.415 2099.429 2099.443 2099.458 2099.472 2099.486 2099.5 2099.515 2099.529 2099.543 2099.558 2099.572 2099.586 2099.601 2099.615 2099.629
2081.286 2083.872 2087.32 2090.023 2092.245 2094.617 2096.862 2098.84 2099.864 2099.794 2099.723 2099.652 2099.582 2099.511 2099.44 2099.385 2099.531 2099.677 2099.735 2099.735 2099.735 2099.735 2099.735 2099.736 2099.736 2099.489 2099.601 2099.644 2099.688 2099.726 2099.743 2099.76 2099.777 2099.794 2099.812 2099.802 2099.8 2099.825 2099.32 2099.281 2099.295 2099.31 2099.324 2099.338 2099.353 2099.367 2099.381 2099.396 2099.41 2099.424 2099.438 2099.453 2099.467 2099.481 2099.496 2099.51 2099.524 2099.539 2099.553 2099.567 2099.582 2099.596 2099.61 2099.625
2082.708 2084.175 2087.17 2090.278 2091.936 2093.965 2095.951 2098.222 2099.791 2099.854 2099.784 2099.713 2099.643 2099.572 2099.501 2099.43 2099.36 2099.387 2099.533 2099.68 2099.744 2099.745 2099.745 2099.745 2099.745 2099.745 2099.623 2099.616 2099.66 2099.703 2099.738 2099.755 2099.773 2099.79 2099.807 2099.812 2099.806 2099.818 2099.317 2099.276 2099.291 2099.305 2099.319 2099.333 2099.348 2099.362 2099.376 2099.391 2099.405 2099.419 2099.434 2099.448 2099.462 2099.477 2099.491 2099.505 2099.52 2099.534 2099.548 2099.563 2099.577 2099.591 2099.605 2099.62
2083.248 2085.16 2087.333 2089.605 2091.855 2093.607 2095.94 2097.935 2099.733 2099.804 2099.781 2099.775 2099.703 2099.633 2099.562 2099.491 2099.421 2099.35 2099.279 2099.389 2099.535 2099.682 2099.754 2099.754 2099.754 2099.755 2099.755 2099.755 2099.632 2099.675 2099.718 2099.751 2099.768 2099.785 2099.802 2099.82 2099.813 2099.812 2099.314 2099.271 2099.286 2099.3 2099.314 2099.329 2099.343 2099.357 2099.372 2099.386 2099.4 2099.414 2099.429 2099.443 2099.457 2099.472 2099.486 2099.5 2099.515 2099.529 2099.543 2099.558 2099.572 2099.586 2099.601 2099.615
2083.871 2085.45 2087.507 2089.333 2091.811 2094.144 2095.97 2097.624 2099.687 2099.757 2099.718 2099.678 2099.759 2099.697 2099.623 2099.552 2099.481 2099.411 2099.34 2099.27 2099.245 2099.391 2099.538 2099.684 2099.764 2099.764 2099.764 2099.764 2099.764 2099.647 2099.69 2099.733 2099.764 2099.781 2099.798 2099.815 2099.819 2099.805 2099.312 2099.266 2099.281 2099.295 2099.309 2099.324 2099.338 2099.352 2099.367 2099.381 2099.395 2099.41 2099.424 2099.438 2099.453 2099.467 2099.481 2099.496 2099.51 2099.524 2099.538 2099.553 2099.567 2099.581 2099.596 2099.61
2085.343 2087.052 2088.33 2090.455 2092.113 2093.552 2095.688 2097.607 2099.6 2099.711 2099.671 2099.631 2099.592 2099.606 2099.693 2099.618 2099.542 2099.472 2099.401 2099.33 2099.26 2099.189 2099.247 2099.394 2099.54 2099.686 2099.773 2099.773 2099.774 2099.774 2099.652 2099.706 2099.749 2099.776 2099.793 2099.811 2099.816 2099.807 2099.31 2099.261 2099.276 2099.29 2099.304 2099.319 2099.333 2099.347 2099.362 2099.376 2099.39 2099.405 2099.419 2099.433 2099.448 2099.462 2099.476 2099.491 2099.505 2099.519 2099.534 2099.548 2099.562 2099.577 2099.591 2099.605
2085.257 2087.458 2088.743 2090.629 2092.615 2093.657 2095.407 2097.26 2099.39 2099.668 2099.544 2099.585 2099.545 2099.505 2099.466 2099.585 2099.615 2099.539 2099.464 2099.391 2099.321 2099.25 2099.179 2099.108 2099.25 2099.396 2099.542 2099.688 2099.783 2099.783 2099.783 2099.783 2099.721 2099.764 2099.789 2099.806 2099.823 2099.813 2099.307 2099.257 2099.271 2099.285 2099.3 2099.314 2099.328 2099.343 2099.357 2099.371 2099.385 2099.4 2099.414 2099.428 2099.443 2099.457 2099.471 2099.486 2099.5 2099.514 2099.529 2099.543 2099.557 2099.572 2099.586 2099.6
2082.76 2087.012 2088.665 2090.047 2091.4 2093.216 2094.675 2096.73 2099.208 2099.542 2099.5 2099.397 2099.385 2099.459 2099.419 2099.379 2099.433 2099.563 2099.536 2099.461 2099.385 2099.311 2099.24 2099.169 2099.099 2099.105 2099.252 2099.398 2099.544 2099.69 2099.792 2099.793 2099.793 2099.736 2099.779 2099.802 2099.819 2099.819 2099.304 2099.252 2099.266 2099.281 2099.295 2099.309 2099.323 2099.338 2099.352 2099.366 2099.381 2099.395 2099.409 2099.424 2099.438 2099.452 2099.467 2099.481 2099.495 2099.51 2099.524 2099.538 2099.552 2099.567 2099.581 2099.595
2082.272 2086.554 2087.982 2089.41 2090.724 2091.843 2093.369 2095.691 2098.733 2099.672 2099.456 2099.331 2099.281 2099.238 2099.267 2099.333 2099.293 2099.281 2099.411 2099.533 2099.458 2099.382 2099.306 2099.231 2099.159 2099.089 2099.018 2099.108 2099.254 2099.4 2099.546 2099.692 2099.802 2099.802 2099.741 2099.794 2099.814 2099.825 2099.303 2099.247 2099.261 2099.276 2099.29 2099.304 2099.319 2099.333 2099.347 2099.362 2099.376 2099.39 2099.405 2099.419 2099.433 2099.448 2099.462 2099.476 2099.49 2099.505 2099.519 2099.533 2099.548 2099.562 2099.576 2099.591
2075.445 2080.075 2083.029 2086.517 2089.014 2090.096 2091.995 2095.215 2098.213 2099.801 2099.585 2099.369 2099.162 2099.179 2099.09 2099.078 2099.2 2099.207 2099.167 2099.259 2099.389 2099.455 2099.379 2099.303 2099.228 2099.152 2099.079 2099.008 2098.963 2099.11 2099.256 2099.402 2099.548 2099.695 2099.812 2099.812 2099.81 2099.827 2099.305 2099.242 2099.257 2099.271 2099.285 2099.299 2099.314 2099.328 2099.342 2099.357 2099.371 2099.385 2099.4 2099.414 2099.428 2099.443 2099.457 2099.471 2099.486 2099.5 2099.514 2099.529 2099.543 2099.557 2099.572 2099.586
2071.153 2075.525 2078.095 2081.252 2084.724 2088.219 2091.818 2094.679 2097.692 2099.834 2099.714 2099.499 2099.283 2099.067 2099.024 2098.943 2098.931 2098.919 2099.121 2099.081 2099.107 2099.237 2099.367 2099.376 2099.3 2099.225 2099.149 2099.074 2098.999 2098.928 2098.966 2099.112 2099.258 2099.404 2099.55 2099.697 2099.822 2099.822 2099.329 2099.237 2099.252 2099.266 2099.28 2099.295 2099.309 2099.323 2099.338 2099.352 2099.366 2099.38 2099.395 2099.409 2099.423 2099.438 2099.452 2099.466 2099.481 2099.495 2099.509 2099.524 2099.538 2099.552 2099.567 2099.581
2069.557 2071.797 2075.4 2079.36 2081.431 2086.137 2091.193 2094.445 2097.42 2099.298 2099.739 2099.628 2099.412 2099.197 2098.981 2098.856 2098.795 2098.783 2098.771 2098.822 2098.995 2098.955 2099.085 2099.215 2099.345 2099.297 2099.222 2099.146 2099.071 2098.995 2098.919 2098.847 2098.968 2099.114 2099.26 2099.406 2099.552 2099.699 2099.415 2099.232 2099.247 2099.261 2099.275 2099.29 2099.304 2099.318 2099.333 2099.347 2099.361 2099.376 2099.39 2099.404 2099.419 2099.433 2099.447 2099.462 2099.476 2099.49 2099.504 2099.519 2099.533 2099.547 2099.562 2099.576
2069.86 2071.508 2075.054 2077.979 2081.02 2084.323 2089.519 2093.649 2096.567 2099.258 2099.482 2099.42 2099.339 2099.326 2099.11 2098.895 2098.687 2098.648 2098.636 2098.624 2098.612 2098.755 2098.869 2098.933 2099.063 2099.193 2099.294 2099.219 2099.143 2099.068 2098.992 2098.917 2098.841 2098.824 2097.656 2095.817 2096.455 2097.067 2098.387 2099.228 2099.242 2099.256 2099.271 2099.285 2099.299 2099.313 2099.328 2099.342 2099.356 2099.371 2099.385 2099.399 2099.414 2099.428 2099.442 2099.457 2099.471 2099.485 2099.5 2099.514 2099.528 2099.543 2099.557 2099.571
2069.77 2071.901 2074.284 2077.5 2079.789 2082.268 2086.64 2091.248 2095.361 2098.355 2099.407 2099.027 2098.49 2098.944 2098.965 2099.024 2098.808 2098.592 2098.5 2098.489 2098.477 2098.465 2098.453 2098.688 2098.781 2098.911 2099.041 2099.171 2099.216 2099.14 2098.604 2097.871 2096.691 2094.627 2093.13 2092.743 2094.024 2096.455 2098.775 2099.183 2099.237 2099.251 2099.266 2099.28 2099.294 2099.309 2099.323 2099.337 2099.352 2099.366 2099.38 2099.395 2099.409 2099.423 2099.438 2099.452 2099.466 2099.48 2099.495 2099.509 2099.523 2099.538 2099.552 2099.566
2070.288 2072.363 2074.343 2077.012 2079.255 2081.659 2085.865 2090.438 2094.629 2098.452 2098.878 2098.269 2098.364 2097.983 2098.229 2098.493 2098.59 2098.688 2098.506 2098.353 2098.341 2098.329 2098.317 2098.306 2098.376 2098.622 2098.123 2096.065 2094.711 2095.538 2095.166 2090.404 2088.681 2089.221 2089.685 2091.732 2094.002 2096.36 2098.889 2099.011 2099.22 2099.247 2099.261 2099.275 2099.29 2099.304 2099.318 2099.333 2099.347 2099.361 2099.375 2099.39 2099.404 2099.418 2099.433 2099.447 2099.461 2099.476 2099.49 2099.504 2099.519 2099.533 2099.547 2099.562
2070.683 2072.677 2074.863 2077.142 2080.61 2082.35 2085.612 2089.193 2092.836 2096.09 2099.444 2098.762 2098.152 2097.542 2097.321 2096.94 2097.967 2098.119 2098.216 2098.313 2098.212 2098.194 2098.182 2098.17 2097.548 2095.16 2093.356 2091.047 2089.037 2086.781 2085.86 2085.567 2085.796 2087.198 2089.51 2091.995 2096.172 2098.789 2098.854 2098.873 2099.075 2099.242 2099.256 2099.27 2099.285 2099.299 2099.313 2099.328 2099.342 2099.356 2099.371 2099.385 2099.399 2099.414 2099.428 2099.442 2099.457 2099.471 2099.485 2099.5 2099.514 2099.528 2099.542 2099.557
2071.134 2072.998 2075.24 2078.35 2081.953 2085.692 2086.988 2088.208 2091.287 2095.043 2098.116 2099.255 2098.646 2098.036 2097.426 2096.816 2096.278 2096.47 2097.672 2097.744 2097.842 2097.271 2094.417 2092.277 2089.781 2088.577 2085.996 2085.156 2082.84 2081.506 2081.735 2082.748 2084.435 2087.578 2090.254 2092.829 2099.406 2098.753 2098.818 2098.883 2098.899 2099.138 2099.251 2099.265 2099.28 2099.294 2099.308 2099.323 2099.337 2099.351 2099.366 2099.38 2099.394 2099.409 2099.423 2099.437 2099.452 2099.466 2099.48 2099.495 2099.509 2099.523 2099.538 2099.552
2072.083 2073.662 2076.185 2079.947 2083.696 2086.416 2088.82 2089.619 2092.012 2094.682 2097.34 2099.713 2099.118 2098.509 2097.899 2097.289 2096.679 2096.07 2095.03 2092.517 2090.338 2088.277 2085.869 2084.835 2081.941 2080.877 2080.255 2078.43 2078.544 2078.587 2080.43 2082.451 2085.109 2088.105 2092.492 2096.881 2098.653 2098.718 2098.783 2098.848 2098.822 2098.967 2099.202 2099.261 2099.275 2099.289 2099.304 2099.318 2099.332 2099.347 2099.361 2099.375 2099.389 2099.404 2099.418 2099.432 2099.447 2099.461 2099.475 2099.49 2099.504 2099.518 2099.533 2099.547
2073.177 2074.782 2077.665 2081.04 2083.368 2086.873 2089.647 2091.167 2092.87 2095.31 2097.817 2099.403 2099.248 2098.799 2098.189 2097.58 2096.539 2091.623 2088.684 2084.108 2083.063 2080.324 2078.133 2077.43 2076.245 2074.912 2074.266 2074.745 2075.883 2077.999 2079.982 2082.796 2086.452 2090.588 2096.745 2098.553 2098.618 2098.683 2098.748 2098.813 2098.838 2098.754 2099.03 2099.216 2099.27 2099.284 2099.299 2099.313 2099.327 2099.342 2099.356 2099.37 2099.385 2099.399 2099.413 2099.428 2099.442 2099.456 2099.47 2099.485 2099.499 2099.513 2099.528 2099.542
2073.333 2075.45 2077.5 2080.083 2083.096 2085.951 2088.708 2090.907 2093.071 2095.689 2098.19 2099.018 2099.147 2098.781 2097.917 2093.132 2088.216 2083.445 2075.326 2075.794 2076.306 2074.405 2072.821 2072.054 2071.46 2070.607 2071.465 2073.423 2075.667 2078.27 2080.163 2084.104 2089.412 2094.443 2098.681 2098.518 2098.583 2098.647 2098.712 2098.777 2098.842 2098.771 2098.783 2099.094 2099.231 2099.28 2099.294 2099.308 2099.323 2099.337 2099.351 2099.365 2099.38 2099.394 2099.408 2099.423 2099.437 2099.451 2099.466 2099.48 2099.494 2099.509 2099.523 2099.537
2073.145 2075.887 2078.13 2080.247 2082.289 2085.055 2087.875 2090.313 2093.278 2095.563 2097.55 2097.288 2096.023 2093.193 2088.307 2079.511 2072.708 2066.205 2067.606 2070.219 2069.385 2067.771 2067.131 2067.095 2067.497 2068.784 2071.232 2073.348 2075.7 2077.836 2081.565 2085.187 2091.233 2096.317 2098.417 2098.482 2098.547 2098.612 2098.677 2098.742 2098.807 2098.787 2098.704 2098.918 2099.157 2099.271 2099.289 2099.303 2099.318 2099.332 2099.346 2099.361 2099.375 2099.389 2099.404 2099.418 2099.432 2099.447 2099.461 2099.475 2099.49 2099.504 2099.518 2099.532
2071.572 2074.829 2078.902 2081.183 2083.147 2085.438 2087.782 2089.913 2092.413 2095.025 2096.355 2094.342 2089.41 2084.641 2078.756 2072.887 2064.78 2060.615 2065.224 2064.696 2062.787 2061.63 2062.957 2064.549 2066.552 2068.549 2070.958 2073.45 2076.09 2080.824 2085.348 2089.175 2092.543 2098.317 2098.382 2098.447 2098.512 2098.577 2098.642 2098.707 2098.771 2098.804 2098.72 2098.636 2098.985 2099.215 2099.284 2099.299 2099.313 2099.327 2099.342 2099.356 2099.37 2099.385 2099.399 2099.413 2099.427 2099.442 2099.456 2099.47 2099.485 2099.499 2099.513 2099.528
2070.101 2073.418 2078.352 2081.753 2083.304 2086.038 2087.887 2089.647 2091.902 2093.028 2089.784 2085.874 2081.364 2076.683 2070.458 2063.21 2057.5 2056.16 2057.84 2057.16 2057.983 2059.77 2061.71 2064.03 2066.65 2069.167 2072.444 2077.774 2083.403 2088.302 2092.931 2096.385 2098.325 2098.282 2098.347 2098.412 2098.477 2098.542 2098.606 2098.671 2098.736 2098.801 2098.737 2098.653 2098.652 2099.049 2099.213 2099.294 2099.308 2099.322 2099.337 2099.351 2099.365 2099.38 2099.394 2099.408 2099.423 2099.437 2099.451 2099.466 2099.48 2099.494 2099.509 2099.523
2069.432 2072.653 2076.43 2080.61 2083.03 2085.006 2086.962 2088.261 2088.524 2087.308 2084.603 2078.008 2071.007 2067.818 2058.552 2054.027 2052.782 2053.054 2054.024 2055.386 2058.053 2061.033 2063.12 2065.418 2067.949 2071.292 2077.784 2084.305 2090.84 2095.479 2098.592 2098.52 2098.337 2098.201 2098.312 2098.376 2098.441 2098.506 2098.571 2098.636 2098.701 2098.766 2098.753 2098.669 2098.586 2098.864 2099.112 2099.211 2099.303 2099.317 2099.332 2099.346 2099.36 2099.375 2099.389 2099.403 2099.418 2099.432 2099.446 2099.461 2099.475 2099.489 2099.504 2099.518
