Scenarios/Scenario_3/topofan.asc
ncols         384
nrows         335
xllcorner     674248.2035732
yllcorner     151759.80777477
cellsize      2.5
NODATA_value  -9999
[rows 84 to 111 of 335, columns 320 to 383 of 384]
1967.79 1969.057 1970.955 1972.547 1974.301 1975.919 1979.15 1980.752 1982.483 1985.17 1987.51 1989.439 1991.472 1993.244 1994.982 2003.87 2011.627 2013.022 2014.652 2023.676 2032.795 2035.346 2038.154 2041.302 2043.344 2046.345 2051.349 2057.558 2060.107 2063.04 2065.676 2069.155 2073.165 2078.309 2085.124 2085.67 2086.217 2086.763 2087.31 2087.856 2088.403 2089.437 2090.771 2092.106 2093.441 2094.627 2094.468 2094.31 2094.151 2093.993 2093.834 2093.937 2094.365 2094.792 2095.22 2095.647 2096.075 2096.502 2096.93 2097.357 2097.785 2098.052 2098.015 2097.932
1965.875 1966.943 1969.61 1971.556 1973.123 1975.022 1977.34 1979.438 1980.639 1983.448 1986.017 1987.86 1990.301 1992.039 1994.002 1995.175 2004.137 2008.382 2011.648 2013.137 2025.713 2032.443 2036.503 2039.198 2041.69 2044.297 2047.488 2055.252 2058.745 2060.037 2064.893 2067.285 2069.75 2073.121 2078.881 2085.565 2085.855 2086.402 2086.948 2087.495 2088.041 2088.588 2089.135 2089.681 2090.668 2092.003 2093.338 2094.281 2094.123 2093.964 2093.806 2093.727 2094.155 2094.582 2095.01 2095.438 2095.865 2096.292 2096.72 2097.148 2097.575 2098.003 2098.032 2097.948
1964.338 1965.586 1967.647 1969.614 1971.586 1973.814 1976.161 1978.29 1979.745 1981.36 1983.652 1985.558 1988.545 1990.765 1992.141 1993.945 1995.859 1999.432 2006.521 2007.647 2012.625 2018.49 2027.243 2036.525 2039.992 2043.943 2046.282 2051.627 2055.72 2058.953 2063.851 2066.735 2069.302 2070.809 2073.977 2078.895 2087.633 2090.917 2090.38 2089.843 2089.305 2088.768 2088.773 2089.32 2089.866 2090.413 2090.959 2091.9 2093.235 2093.936 2093.778 2093.619 2093.945 2094.373 2094.8 2095.228 2095.655 2096.083 2096.51 2096.938 2097.365 2097.793 2098.046 2097.964
1963.344 1964.355 1965.94 1967.959 1969.87 1971.682 1974.537 1976.353 1977.924 1979.216 1980.471 1983.596 1986.797 1989.391 1991.345 1992.768 1993.458 1994.73 1998.317 2003.615 2007.236 2010.073 2017.475 2025.797 2032.96 2039.727 2045.393 2048.645 2050.729 2054.785 2059.635 2064.476 2068.055 2069.752 2071.215 2074.95 2079.698 2088.482 2096.653 2096.097 2095.541 2094.985 2094.429 2093.873 2093.317 2092.761 2092.223 2091.686 2091.691 2092.237 2093.132 2093.591 2093.735 2094.163 2094.59 2095.018 2095.445 2095.873 2096.301 2096.728 2097.156 2097.583 2098.011 2097.981
1961.473 1962.507 1964.165 1966.188 1969.347 1970.085 1972.73 1975.171 1976.62 1977.695 1978.588 1981.263 1984.978 1988.265 1990.045 1991.412 1992.368 1993.857 1994.526 1995.735 1999.159 2004.059 2006.297 2015.213 2026.165 2034.243 2037.593 2044.729 2047.125 2050.545 2057.358 2061.929 2066.959 2068.829 2070.08 2072.443 2075.232 2080.527 2092.309 2096.569 2097.796 2097.951 2097.716 2097.315 2096.914 2096.512 2096.111 2095.71 2095.309 2094.908 2094.506 2092.656 2091.691 2093.483 2094.38 2094.808 2095.236 2095.663 2096.091 2096.518 2096.946 2097.373 2097.801 2097.997
1959.645 1960.531 1962.501 1964.88 1968.073 1969.21 1970.689 1972.985 1974.983 1975.724 1977 1979.302 1981.945 1986.19 1988.98 1990.333 1991.103 1992.269 1993.611 1994.723 1995.346 1998.694 2003.046 2010.236 2018.78 2026.469 2035.46 2039.88 2044.905 2047.882 2052.978 2058.824 2065.052 2067.654 2070.045 2071.233 2073.106 2076.617 2083.88 2091.315 2095.715 2096.942 2097.097 2097.251 2097.406 2097.561 2097.326 2096.925 2093.757 2088.087 2082.867 2077.449 2080.92 2085.793 2088.577 2090.072 2091.567 2093.062 2094.557 2096.052 2096.736 2097.164 2097.591 2098.005
1956.71 1958.757 1960.762 1963.206 1966.515 1967.705 1968.618 1971.115 1973.181 1973.948 1975.468 1977.35 1980.687 1984.014 1987.22 1988.955 1989.972 1990.897 1991.988 1992.9 1993.41 1994.395 1997.525 2007.468 2014.596 2020.222 2029.648 2035.405 2041.276 2051.427 2052.31 2054.313 2062.339 2066.77 2069.402 2070.424 2072.412 2074.27 2077.795 2084.53 2089.362 2094.849 2096.072 2095.893 2095.714 2095.535 2095.356 2088.333 2082.243 2077.136 2072.833 2067.477 2069.664 2075.764 2079.896 2083.67 2085.166 2086.661 2088.156 2089.651 2091.146 2092.641 2094.136 2095.631
1954.48 1956.674 1959.756 1961.913 1963.756 1965.83 1967.272 1968.955 1971.411 1972.628 1974.745 1976.525 1978.876 1982.598 1985.463 1987.439 1988.657 1989.203 1989.99 1990.631 1991.348 1992.698 1994.361 2002.701 2012.025 2016.262 2022.124 2029.576 2035.902 2048.977 2052.32 2052.528 2057.735 2064.695 2068.446 2068.721 2070.999 2073.96 2075.172 2078.892 2084.024 2088.143 2089.597 2089.216 2088.976 2088.758 2085.759 2081.207 2072.646 2066.72 2062.718 2057.505 2058.429 2064.845 2070.025 2073.998 2077.971 2080.259 2081.754 2083.249 2084.744 2086.24 2087.735 2090.551
1951.856 1953.14 1956.925 1960.02 1962.278 1963.858 1965.593 1966.769 1968.906 1971.057 1973.532 1975.318 1977.56 1980.443 1982.452 1983.528 1984.873 1986.736 1988.344 1989.177 1990.055 1991.577 1993.287 1999.026 2009.022 2011.98 2016.41 2022.43 2029.922 2041.603 2049.262 2052.91 2054.734 2058.69 2064.449 2066.828 2068.654 2073.288 2073.6 2074.479 2077.245 2082.655 2084.028 2082.975 2081.808 2078.296 2074.71 2069.368 2064.679 2059.076 2053.354 2048.035 2048.457 2053.82 2059.785 2064.128 2068.101 2072.074 2075.353 2076.848 2078.343 2079.838 2082.278 2085.802
1947.26 1950.676 1954.443 1957.682 1960.345 1961.657 1963.535 1964.882 1966.302 1967.47 1970.812 1973.361 1975.857 1977.254 1979.131 1979.744 1982.042 1984.162 1985.73 1987.41 1988.964 1990.745 1992.264 1993.549 2000.752 2006.676 2011.552 2016.335 2023.293 2029.37 2041.899 2047.968 2053.277 2056.69 2059.927 2063.399 2066.801 2069.816 2072.58 2072.815 2073.249 2074.075 2071.453 2070.984 2071.677 2069.435 2066.817 2062.568 2056.445 2051.244 2046.68 2043.277 2043.385 2044.369 2048.77 2054.064 2058.23 2062.203 2066.176 2070.149 2071.942 2074.26 2079.698 2081.637
1946.186 1949.194 1952.043 1954.613 1957.883 1959.179 1961.107 1963.465 1964.62 1966.083 1968.348 1971.1 1973.593 1975.364 1976.713 1978.383 1979.81 1981.59 1983.218 1985.152 1987.218 1989.29 1990.848 1992.065 1994.167 1999.787 2006.17 2009.48 2017.653 2020.405 2027.159 2046.81 2050.843 2053.127 2056.48 2060.295 2064.468 2067.552 2070.742 2071.088 2066.044 2066.14 2063.925 2061.22 2063.265 2060.044 2055.805 2047.929 2046.136 2042.913 2041.137 2040.133 2040.709 2042.147 2044.655 2046.328 2048.342 2052.333 2056.938 2061.613 2066.806 2070.698 2073.94 2076.357
1945.316 1948.983 1951.007 1952.412 1955.065 1956.767 1958.603 1960.622 1963.005 1965.49 1967.094 1968.774 1971.478 1973.583 1974.738 1976.193 1978.244 1979.878 1982.274 1984.17 1986.573 1987.952 1989.72 1992.105 1994.052 1995.627 2000.746 2003.822 2011.565 2015.516 2019.917 2030.181 2048.35 2050.536 2053.141 2055.626 2061.145 2061.948 2063.256 2056.605 2054.894 2055.495 2057.129 2053.55 2051.959 2048.938 2043.456 2040.24 2038.773 2038.245 2038.33 2038.36 2038.448 2040.368 2042.579 2045.085 2046.767 2048.585 2051.953 2055.077 2058.237 2062.947 2066.306 2068.185
1945.171 1947.846 1950.325 1952.387 1953.958 1955.137 1956.267 1958.184 1961.913 1964.446 1965.782 1967.593 1970.204 1971.755 1973.49 1974.448 1976.838 1979.157 1981.325 1983.763 1985.407 1986.738 1988.474 1990.843 1993.576 1995.744 1997.522 2001.318 2008.032 2014.892 2017.205 2019.863 2036.642 2045.232 2049.717 2052.114 2053.48 2053.706 2052.714 2047.669 2046.495 2046.325 2045.99 2044.685 2040.21 2037.802 2037.114 2036.733 2036.191 2035.787 2036.172 2035.839 2036.994 2038.402 2041 2042.802 2043.885 2043.532 2045.455 2047.311 2048.392 2051.69 2056.494 2059.699
1944.012 1946.932 1949.04 1951.275 1953.097 1954.108 1955.175 1956.849 1958.215 1961.287 1964.292 1966.366 1969.31 1970.633 1971.963 1973.76 1975.522 1978.538 1981.075 1983.307 1984.593 1985.781 1987.345 1989.693 1993.304 1997.383 1999.334 2002.854 2007.475 2013.485 2015.355 2016.361 2023.008 2039.365 2046.252 2048.241 2047.982 2042.105 2038.108 2035.108 2034.767 2035.542 2036.041 2034.334 2033.989 2033.961 2034.475 2034.31 2034.445 2033.98 2033.172 2033.625 2034.79 2037.159 2038.63 2039.165 2039.453 2039.265 2040.64 2042.215 2042.706 2044.257 2045.444 2049.85
1943.31 1945.002 1947.6 1950.306 1951.89 1952.698 1954.275 1955.85 1957.209 1959.385 1963.472 1965.238 1967.198 1969.149 1971.119 1972.343 1974.069 1976.58 1979.575 1981.757 1983.494 1984.912 1986.737 1988.069 1991.252 1997.629 2001.382 2003.705 2006.144 2009.825 2013.022 2014.886 2015.228 2019.113 2039.672 2043.884 2036.01 2032.416 2030.641 2028.392 2029.115 2029.359 2030.106 2031.193 2032.06 2032.105 2032.503 2032.228 2031.587 2031.297 2031.266 2031.467 2033.491 2034.313 2035.484 2036.047 2035.198 2035.427 2036.531 2038.45 2040.233 2040.515 2040.667 2041.956
1942.054 1943.593 1945.425 1948.104 1950.061 1951.572 1953.664 1954.782 1955.883 1956.907 1960.252 1963.775 1965.458 1967.616 1969.499 1971.015 1972.47 1974.238 1976.71 1979.328 1982.365 1983.583 1985.586 1986.843 1990.334 1995.84 2001.19 2003.83 2005.245 2007.607 2009.241 2011.571 2013.863 2014.509 2023.74 2031.33 2027.555 2024.56 2024.492 2024.926 2026.109 2026.948 2028.47 2029.161 2029.922 2030.005 2029.843 2028.624 2028.49 2028.379 2028.403 2028.838 2030.354 2030.149 2030.363 2030.758 2032.09 2032.782 2033.293 2034.828 2036.005 2037.203 2037.068 2036.803
1941.318 1942.403 1943.075 1945.419 1947.975 1949.884 1951.746 1953.496 1954.44 1956.348 1958.698 1960.822 1963.703 1966.225 1968.473 1969.7 1971.03 1972.255 1974.19 1976.316 1980.252 1981.197 1984.172 1986.285 1990.212 1995.269 1999.968 2003.621 2005.017 2006.705 2007.619 2008.598 2011.44 2012.075 2013.23 2017.97 2017.234 2018.694 2020.658 2022.392 2023.74 2024.091 2027.04 2026.584 2028.33 2027.343 2025.943 2024.84 2025.12 2024.622 2024.098 2024.262 2025.777 2025.907 2026.703 2026.634 2027.66 2028.66 2029.392 2030.273 2030.667 2030.855 2032.414 2032.08
1940.807 1941.72 1942.385 1943.348 1946.211 1947.956 1949.623 1951.617 1953.609 1955.758 1957.493 1960.52 1963.057 1965.57 1967.642 1968.768 1969.713 1970.992 1972.212 1974.267 1977.678 1980.125 1982.419 1985.611 1989.219 1994.167 1998.016 2003.058 2003.751 2004.125 2005.349 2007.221 2008.978 2010.105 2011.46 2013.245 2014.769 2016.954 2018.495 2019.527 2021.444 2023.03 2025.172 2021.503 2023.268 2022.786 2019.554 2019.424 2020.105 2019.891 2020.001 2020.102 2018.893 2019.333 2020.647 2022.615 2023.824 2023.61 2025.186 2026.95 2026.448 2028.055 2029.501 2031.264
1939.152 1941.113 1941.752 1942.764 1944.708 1946.29 1948.945 1950.951 1952.782 1954.915 1956.782 1958.775 1961.621 1964.927 1966.186 1967.625 1968.554 1969.898 1971.351 1972.478 1974.55 1978.03 1980.666 1984.07 1986.557 1989.859 1991.912 1995.641 1999.653 2000.493 2002.942 2005.167 2006.892 2008.65 2009.824 2011.868 2013.595 2015.194 2016.614 2018.386 2017.226 2018.064 2016.361 2014.652 2015.219 2014.066 2013.715 2013.921 2014.194 2014.189 2015.272 2014.008 2014.432 2015.042 2016.482 2018.225 2019.947 2021.107 2022.733 2024.008 2025.282 2026.722 2028.716 2031.167
1937.738 1939.642 1940.592 1942.007 1943.661 1945.902 1947.907 1949.513 1951.235 1953.538 1955.318 1957.367 1960.473 1962.598 1964.144 1966.022 1967.313 1968.343 1969.941 1971.62 1972.86 1975.574 1978.075 1980.5 1983.058 1986.216 1989.492 1992.141 1995.279 1998.041 2000.768 2003.335 2005.114 2006.52 2007.681 2009.213 2010.877 2011.74 2009.18 2007.504 2008.963 2010.725 2009.871 2009.879 2008.846 2010.054 2009.412 2009.547 2009.501 2009.955 2009.73 2010.065 2011.084 2011.95 2014.319 2016.106 2017.407 2019.157 2020.48 2022.205 2024.024 2025.773 2029.436 2033.203
1936.818 1938.136 1939.614 1941.415 1942.995 1944.596 1946.118 1948.205 1950.284 1952.622 1954.802 1956.002 1958.113 1959.847 1962.68 1963.843 1965.25 1967.137 1968.363 1970.1 1971.234 1973.091 1975.841 1977.782 1980.246 1983.941 1987.218 1988.774 1990.828 1995.08 1997.742 2000.637 2003.32 2004.957 2006.113 2007.213 2008.329 2007.651 2003.857 2002.117 2003.749 2005.022 2005.019 2005.343 2004.315 2005.502 2006.434 2006.383 2006.556 2006.903 2007.36 2008.829 2009.938 2011.417 2012.894 2014.935 2016.103 2018.055 2019.797 2021.806 2023.11 2028.706 2032.677 2036.512
1936.495 1937.588 1938.995 1940.437 1941.845 1943.632 1945.057 1947.281 1949.469 1951.796 1953.983 1955.362 1956.502 1958.219 1959.319 1961.564 1962.691 1964.47 1966.14 1967.7 1969.595 1972.051 1973.443 1975.301 1977.972 1981.667 1984.654 1986.807 1988.203 1993.608 1994.708 1998.117 2001.313 2002.945 2004.233 2004.845 2004.772 2002.879 2000.11 1997.402 1997.358 1998.919 1998.972 1998.628 1999.978 2001.367 2003.275 2003.245 2003.545 2005.057 2006.468 2007.424 2009.079 2010.595 2011.968 2013.685 2015.059 2017.377 2020.505 2024.554 2028.328 2032.382 2036.575 2040.264
1936.048 1936.98 1938.2 1939.487 1940.679 1942.33 1943.885 1946.643 1948.028 1949.925 1952.073 1954.62 1955.509 1956.427 1957.745 1959.391 1961.068 1962.662 1964.03 1965.837 1968.307 1969.965 1972.113 1973.959 1976.18 1978.355 1981.456 1983.819 1987.112 1991.706 1993.715 1997.97 1999.209 2000.864 2001.26 2000.425 1999.416 1998.717 1995.981 1992.748 1991.708 1991.728 1993.389 1994.973 1996.032 1998.403 1999.743 2001.2 2002.259 2003.893 2005.5 2006.723 2007.963 2009.752 2011.588 2012.974 2016.46 2017.918 2025.343 2030.922 2033.789 2036.8 2040.739 2044.521
1935.54 1936.733 1937.517 1938.96 1940.097 1941.068 1942.577 1945.023 1946.767 1948.247 1950.142 1952.52 1954.295 1955.175 1956.759 1958.439 1959.845 1960.958 1962.719 1964.811 1966.669 1968.472 1973.68 1974.557 1977.356 1978.87 1980.537 1982.57 1984.917 1989.275 1992.818 1994.988 1995.919 1997.527 1997.815 1996.973 1997.563 1997.518 1994.121 1989.982 1989.43 1990.585 1992.125 1993.85 1995.373 1996.835 1998.04 1999.597 2001.297 2002.988 2004.24 2005.9 2007.787 2010.029 2011.94 2013.131 2017.549 2028.95 2031.262 2035.92 2039.079 2041.52 2045.453 2049.897
1935 1936.032 1936.995 1938.061 1939.259 1940.368 1941.495 1943.759 1945.286 1946.949 1948.593 1950.577 1951.65 1952.958 1954.779 1956.835 1958.492 1959.455 1961.291 1963.203 1964.463 1967.881 1973.515 1976.257 1977.877 1978.709 1979.442 1983.149 1983.97 1986.647 1990.935 1992.77 1993.71 1994.085 1995.052 1996.448 1994.528 1991.167 1988.013 1986.77 1987.963 1989.6 1991.165 1992.595 1994.057 1995.712 1996.69 1998.361 2000.04 2001.787 2003.272 2005.578 2009.48 2011.6 2013.968 2017.603 2025.185 2029.518 2034.23 2039.336 2042.078 2045.043 2051.627 2056.323
1933.901 1934.935 1936.451 1937.416 1938.591 1939.405 1940.678 1942.807 1944.083 1946.124 1947.875 1949.697 1950.6 1951.765 1953.123 1954.852 1956.792 1958.172 1959.825 1961.59 1963.4 1966.667 1971.566 1974.677 1973.738 1975.051 1971.326 1978.393 1977.142 1983.635 1987.01 1991.498 1992.675 1990.613 1986.433 1986.314 1984.984 1983.277 1984.54 1985.526 1987.165 1988.715 1990.392 1991.265 1993.022 1994.745 1996.655 1998.525 1999.727 2001.414 2004.2 2007.198 2011.105 2014.5 2018.448 2022.574 2026.677 2032.384 2039.829 2041.157 2045.827 2048.326 2053.018 2059.218
1932.897 1933.927 1935.39 1936.661 1937.58 1939.031 1940.428 1941.855 1943.425 1945.292 1946.984 1947.905 1948.685 1949.684 1951.655 1953.68 1955.537 1957.56 1958.836 1960.146 1963.035 1962.47 1964.737 1967.088 1970.337 1967.287 1965.047 1965.72 1968.686 1977.074 1985.41 1984.565 1976.459 1978.703 1979.175 1980.033 1979.903 1981.573 1983.08 1984.551 1986.6 1988.093 1989.73 1991.39 1993.205 1994.782 1996.453 1997.84 1999.655 2001.27 2005.766 2010.002 2014.323 2017.696 2023.361 2028.192 2029.255 2036.124 2041.157 2046.37 2050.14 2052.625 2056.285 2059.943
1931.983 1933.089 1934.28 1935.476 1936.93 1938.62 1939.809 1940.499 1942.115 1943.84 1944.955 1945.474 1946.427 1947.979 1949.68 1952.397 1954.011 1956.693 1957.91 1959.216 1961.153 1961.551 1960.902 1960.273 1964.031 1963.437 1962.652 1964.299 1966.162 1970 1971.757 1971.682 1973.338 1975.277 1976.198 1977.782 1979.619 1981.223 1982.87 1984.7 1986.612 1988.289 1989.845 1991.395 1993.138 1994.487 1996.035 1998.197 2000.51 2003.985 2009.884 2013.816 2017.266 2021.615 2028.495 2032.329 2036.684 2041.045 2043.77 2046.182 2049.443 2053.757 2057.114 2060.635
