Scenarios/Scenario_3/topofan.asc
ncols         384
nrows         335
xllcorner     674248.2035732
yllcorner     151759.80777477
cellsize      2.5
NODATA_value  -9999
[rows 252 to 279 of 335, columns 256 to 319 of 384]
1887.635 1887.358 1886.75 1886.27 1885.54 1885.055 1884.813 1884.385 1883.703 1883.167 1882.488 1882.147 1881.666 1880.932 1880.47 1879.323 1878.15 1877.172 1875.853 1875.258 1874.172 1873.26 1872.323 1871.9 1871.831 1871.71 1871.127 1870.738 1870.33 1869.755 1869.568 1869.75 1869.922 1870.004 1870.125 1870.25 1870.182 1870.41 1870.253 1870.213 1870.723 1870.965 1870.718 1870.645 1870.728 1870.785 1871.042 1871.325 1871.349 1871.373 1871.953 1872.922 1873.53 1874.685 1875.88 1876.063 1876.42 1876.718 1877.063 1877.735 1878.601 1879.502 1880.16 1880.685
1888.766 1888.47 1887.875 1887.127 1886.554 1886.307 1885.828 1885.11 1884.634 1884.182 1883.768 1883.343 1882.833 1881.872 1881.35 1880.6 1879.66 1878.258 1877.545 1876.06 1875.2 1874.177 1873.311 1873.228 1872.992 1872.635 1872.106 1871.502 1870.965 1870.595 1870.695 1870.988 1870.51 1870.607 1870.705 1870.782 1870.825 1870.805 1870.92 1870.528 1871.11 1871.51 1871.438 1871.232 1871.363 1871.295 1871.434 1871.478 1872.013 1872.595 1872.951 1873.485 1873.78 1873.992 1874.6 1875.004 1876.054 1876.353 1876.532 1877.252 1878.109 1878.93 1879.58 1880.33
1890.245 1889.52 1888.993 1888.632 1887.456 1887.5 1886.765 1886.228 1885.705 1885.392 1884.843 1884.233 1883.61 1883.04 1882.679 1881.788 1880.568 1879.765 1878.652 1877.667 1876.468 1875.488 1874.417 1874.369 1873.897 1873.847 1873.03 1872.512 1871.81 1871.407 1871.61 1871.962 1871.732 1871.242 1871.37 1871.157 1871.093 1871.042 1871.427 1871.115 1871.335 1871.625 1871.887 1871.733 1871.8 1871.935 1872.13 1872.23 1872.46 1872.705 1873.563 1874.083 1874.257 1874.738 1874.932 1875.062 1874.995 1876.172 1876.448 1877.074 1877.917 1878.688 1879.392 1880.06
1891.578 1890.782 1889.787 1889.403 1889.061 1888.363 1887.99 1887.387 1886.96 1886.347 1885.825 1885.18 1884.559 1884.178 1883.532 1882.595 1881.43 1880.828 1879.805 1878.96 1878.237 1876.703 1876.025 1875.598 1874.995 1874.843 1874.323 1873.468 1872.935 1872.653 1872.81 1872.7 1872.69 1872.11 1871.938 1871.762 1871.8 1871.585 1871.463 1871.502 1871.492 1871.985 1872.36 1872.345 1872.357 1872.385 1872.502 1872.713 1872.753 1873.05 1873.565 1874.028 1874.635 1875.296 1875.565 1875.585 1875.71 1875.81 1876.35 1877.09 1877.618 1878.318 1879.242 1879.844
1892.605 1891.998 1891.213 1890.892 1890.097 1889.54 1888.742 1888.43 1888.05 1887.427 1886.635 1885.995 1885.505 1885.37 1884.46 1883.905 1882.968 1882.232 1881.422 1880.603 1879.355 1878.11 1877.432 1876.605 1876.444 1876.057 1875.75 1874.837 1874.609 1873.94 1873.925 1873.792 1873.3 1873.217 1872.993 1872.788 1872.267 1872.142 1871.965 1871.873 1871.498 1872.22 1872.69 1872.623 1872.795 1872.974 1873.06 1873.2 1873.345 1873.443 1873.86 1874.262 1874.775 1875.465 1876.032 1876.23 1876.37 1876.276 1876.427 1876.653 1877.5 1878.355 1879.078 1879.758
1893.772 1892.992 1892.285 1891.99 1891.105 1890.73 1890.252 1889.383 1889.154 1888.325 1887.92 1887.12 1886.718 1886.11 1885.695 1884.912 1884.208 1883.575 1882.673 1881.752 1880.795 1879.9 1878.97 1878.223 1877.773 1877.46 1877.3 1876.95 1876.129 1875.785 1875.018 1874.73 1874.368 1873.993 1873.814 1873.465 1873.071 1872.98 1872.337 1872.35 1872.162 1872.56 1873.003 1873.042 1873.127 1873.38 1873.522 1873.64 1873.847 1873.935 1874.313 1874.6 1874.915 1875.478 1876.195 1876.745 1876.88 1876.868 1876.87 1877.098 1877.69 1878.511 1879.333 1879.877
1894.843 1893.87 1893.605 1893.135 1892.31 1891.878 1891.16 1890.302 1889.945 1889.188 1888.515 1888.18 1887.555 1887.065 1886.485 1886 1885.318 1884.601 1883.958 1882.989 1882.155 1881.12 1880.02 1879.552 1879.215 1878.902 1878.895 1878.145 1877.724 1876.89 1876.133 1875.818 1875.735 1875.228 1874.645 1874.142 1873.666 1873.41 1872.748 1872.731 1872.476 1872.857 1873.1 1873.415 1873.348 1873.667 1873.985 1874.047 1874.295 1874.498 1874.68 1874.895 1875.295 1875.603 1876.167 1876.833 1877.275 1877.297 1877.355 1877.33 1877.65 1878.41 1879.13 1879.835
1895.87 1895.093 1894.515 1893.997 1893.13 1892.86 1892.38 1891.47 1890.775 1890.44 1889.951 1889.124 1888.472 1888.162 1887.465 1886.97 1886.623 1885.752 1885.24 1884.302 1883.405 1882.675 1881.35 1880.72 1880.5 1880.17 1880.302 1879.43 1878.782 1878.057 1877.475 1877.105 1876.698 1875.9 1875.46 1874.772 1874.422 1873.96 1873.41 1873.261 1873.324 1873.268 1873.527 1873.478 1873.356 1873.637 1874.157 1874.425 1874.73 1874.905 1875.17 1875.285 1875.415 1875.765 1876.26 1876.82 1877.272 1877.642 1877.805 1877.715 1877.85 1878.277 1878.777 1879.681
1896.89 1896.37 1895.713 1895.39 1894.443 1894.182 1893.35 1892.585 1892.08 1891.407 1890.805 1889.887 1889.62 1889.285 1888.735 1888.105 1887.5 1886.935 1886.347 1885.498 1884.943 1883.795 1883.065 1882.41 1881.86 1881.945 1881.343 1880.401 1879.93 1879.46 1878.815 1878.302 1877.49 1876.8 1876.282 1875.737 1875.027 1874.262 1873.965 1873.765 1873.912 1874.073 1874.09 1873.955 1873.46 1873.705 1874.275 1874.545 1874.985 1875.31 1875.488 1875.652 1875.92 1876.193 1876.488 1876.865 1877.21 1877.63 1877.963 1878.245 1878.23 1878.455 1878.86 1879.39
1898.315 1897.175 1896.82 1896.25 1895.458 1895.01 1894.405 1893.838 1893.268 1892.417 1891.728 1891.147 1890.667 1890.205 1889.633 1889.068 1888.463 1887.929 1887.35 1886.581 1885.797 1885.188 1884.245 1883.103 1883.035 1882.613 1882.333 1881.561 1880.99 1880.436 1879.55 1879.193 1878.377 1877.86 1877.376 1876.46 1875.938 1875.022 1874.515 1874.44 1874.453 1874.675 1874.43 1874.397 1873.98 1874.255 1874.708 1874.927 1874.945 1875.24 1875.583 1875.988 1876.165 1876.477 1876.689 1877.08 1877.393 1877.887 1878.238 1878.512 1878.715 1878.881 1879.093 1879.445
1899.403 1898.623 1898.066 1897.508 1896.79 1896.225 1895.415 1894.752 1894.188 1893.318 1892.8 1892.492 1891.948 1891.137 1890.643 1890.047 1889.44 1889.075 1888.782 1887.796 1887.112 1886.45 1885.325 1884.896 1884.055 1883.936 1883.375 1882.723 1882.345 1881.488 1880.482 1879.866 1879.175 1878.614 1878.002 1877.363 1876.54 1876.068 1875.365 1875.093 1874.888 1874.991 1875.018 1874.978 1874.525 1874.61 1874.922 1875.215 1875.475 1875.598 1875.792 1876.083 1876.373 1876.637 1876.925 1877.313 1877.67 1878.02 1878.353 1878.69 1879.157 1879.223 1879.485 1879.762
1900.252 1899.655 1899.343 1898.575 1898.115 1897.37 1896.786 1896.203 1895.474 1894.46 1894.017 1893.48 1892.731 1892.267 1891.703 1890.87 1890.76 1890.358 1889.575 1889.296 1888.28 1887.05 1886.485 1886.175 1885.595 1884.81 1884.443 1883.938 1883.147 1882.46 1881.393 1880.625 1880.213 1879.458 1879.118 1878.323 1877.73 1877.157 1876.525 1875.965 1875.481 1875.345 1875.442 1875.255 1875.214 1875.175 1875.475 1875.775 1875.848 1875.988 1876.275 1876.425 1876.478 1876.705 1877.09 1877.482 1877.805 1878.235 1878.44 1878.853 1879.255 1879.57 1879.797 1880.147
1901.515 1901.243 1900.45 1899.78 1899.287 1898.617 1897.939 1897.453 1896.655 1895.512 1895.218 1894.53 1893.823 1893.35 1892.925 1892.27 1891.837 1891.223 1890.473 1889.905 1889.151 1888.472 1887.957 1887.19 1886.605 1885.634 1885.353 1884.57 1883.99 1883.14 1882.13 1881.86 1881.402 1880.308 1879.715 1879.052 1878.948 1878.438 1878.122 1877.042 1876.401 1876.29 1876.138 1876.103 1875.772 1875.94 1875.932 1876.173 1876.307 1876.45 1876.649 1876.762 1876.78 1876.77 1877.055 1877.43 1877.83 1878.242 1878.657 1879.045 1879.378 1879.938 1880.203 1880.527
1902.525 1902.245 1901.52 1900.922 1900.728 1900.182 1899.233 1898.766 1897.953 1897.321 1896.51 1895.833 1895.302 1894.725 1894.098 1893.612 1892.79 1892.083 1891.588 1890.883 1890.38 1889.995 1888.835 1888.035 1887.68 1886.885 1886.704 1885.506 1884.789 1883.949 1883.236 1882.773 1881.897 1881.145 1880.333 1879.763 1879.481 1879.532 1879.105 1877.868 1877.263 1876.615 1876.713 1876.672 1876.375 1876.497 1876.568 1876.72 1876.802 1876.945 1876.825 1877.005 1877.117 1877.141 1876.89 1877.15 1877.682 1878.213 1878.732 1879.235 1879.607 1880.128 1880.518 1880.917
1904.025 1903.573 1902.802 1902.385 1901.815 1901.25 1900.475 1900.01 1899.12 1898.545 1897.36 1896.755 1896.472 1895.677 1895.045 1894.443 1893.878 1893.28 1892.333 1891.881 1891.031 1890.6 1889.638 1888.89 1888.557 1888.136 1887.165 1886.285 1885.684 1884.887 1884.583 1883.708 1882.525 1882.037 1880.954 1880.45 1880.047 1880.325 1879.99 1879.335 1878.22 1877.883 1877.305 1877.04 1876.9 1876.97 1876.993 1877.028 1877.165 1877.302 1877.278 1877.255 1877.365 1877.358 1877.068 1877.22 1877.638 1878.07 1878.525 1878.99 1879.578 1880.147 1880.578 1881.06
1905.225 1904.512 1903.983 1903.53 1903.032 1902.323 1901.875 1901.118 1900.25 1899.58 1898.811 1898.025 1897.573 1897.037 1896.068 1895.772 1894.978 1894.232 1893.49 1892.755 1891.99 1891.487 1891.05 1889.912 1889.085 1888.848 1888.412 1887.52 1886.605 1885.977 1885.218 1884.387 1883.375 1882.925 1881.778 1881.195 1880.93 1880.685 1880.652 1880.16 1879.342 1878.842 1878.078 1877.647 1877.595 1877.526 1877.465 1877.267 1877.44 1877.54 1877.69 1877.573 1877.46 1877.525 1877.328 1877.51 1877.807 1878.032 1878.453 1878.782 1879.343 1879.887 1880.355 1880.945
1906.172 1905.637 1905.213 1904.775 1904.09 1903.652 1902.943 1902.182 1901.353 1900.627 1899.848 1899.42 1898.393 1897.715 1897.041 1896.485 1895.665 1894.983 1894.319 1893.72 1893.16 1892.264 1891.605 1891.272 1890.087 1889.448 1889.122 1888.358 1887.475 1887.012 1885.795 1885.44 1884.427 1883.693 1882.977 1882.051 1881.754 1881.428 1881.135 1880.75 1880.203 1879.795 1879.223 1878.235 1878.11 1878.027 1877.991 1877.877 1877.772 1877.86 1878.022 1877.973 1877.732 1877.625 1877.61 1877.71 1877.915 1878.205 1878.583 1878.963 1879.225 1879.635 1880.285 1880.825
1907.54 1907.177 1906.62 1905.79 1905.25 1904.438 1903.885 1903.552 1902.651 1901.608 1900.945 1900.056 1899.616 1898.563 1898.383 1897.435 1896.463 1896.044 1895.34 1894.545 1894 1893.555 1892.54 1891.819 1891.305 1890.563 1890.193 1889.636 1888.758 1887.598 1887.087 1886.149 1885.375 1884.789 1884.26 1883.256 1882.685 1882.093 1882.066 1881.722 1881.225 1880.667 1880.295 1879.233 1879.01 1878.72 1878.525 1878.367 1878.232 1878.387 1878.677 1878.615 1877.963 1877.725 1877.652 1877.875 1878.083 1878.517 1878.973 1879.39 1879.675 1879.907 1880.328 1880.724
1908.82 1908.162 1907.537 1907.055 1906.383 1905.635 1904.958 1904.209 1903.51 1902.772 1902.265 1901.272 1900.473 1899.833 1899.05 1898.437 1897.57 1897.02 1896.378 1895.62 1895.21 1894.176 1893.235 1892.684 1892.28 1891.728 1891.39 1890.443 1889.598 1888.915 1888.115 1887.367 1886.53 1885.843 1884.995 1884.125 1883.361 1882.927 1882.665 1882.62 1882.084 1882.027 1881.59 1880.797 1879.953 1879.565 1879.292 1879.115 1878.885 1879.157 1879.253 1879.245 1878.688 1878.348 1877.965 1878.237 1878.493 1879.032 1879.605 1879.888 1880.338 1880.297 1880.88 1881.152
1909.988 1909.272 1908.912 1908.385 1907.589 1906.65 1905.96 1905.165 1904.627 1903.917 1903.038 1902.254 1901.397 1900.363 1899.948 1899.103 1898.275 1897.825 1896.887 1896.385 1895.813 1895.018 1894.354 1893.67 1893.012 1892.611 1892.399 1891.246 1890.329 1889.73 1888.987 1888.26 1887.661 1886.677 1885.823 1885.08 1884.313 1883.714 1883.629 1883.522 1882.96 1882.821 1882.643 1882.16 1881.529 1881.21 1880.69 1879.818 1879.645 1879.905 1880.052 1879.885 1879.495 1879.099 1878.95 1879.055 1879.375 1879.667 1880.32 1880.765 1881.175 1881.237 1881.54 1881.651
1910.945 1910.643 1910.223 1909.167 1908.568 1908.025 1907.169 1906.52 1905.682 1904.846 1904.087 1903.16 1902.49 1901.473 1900.826 1900.193 1899.51 1898.877 1898.032 1896.997 1896.89 1896.022 1895.145 1894.86 1893.761 1893.304 1892.926 1892.125 1891.414 1890.655 1890.054 1889.424 1888.406 1887.627 1886.763 1885.873 1885.125 1884.77 1884.47 1884.104 1883.92 1883.581 1883.458 1883.315 1883.083 1882.711 1882.093 1881.063 1880.52 1880.662 1881.073 1880.995 1880.488 1880.585 1880.16 1880.633 1880.505 1880.915 1881.29 1881.61 1881.995 1882.219 1882.372 1882.432
1912.362 1911.787 1911.545 1910.297 1909.905 1908.843 1908.193 1907.627 1906.4 1905.768 1904.76 1903.958 1903.113 1902.6 1901.628 1900.765 1900.302 1899.603 1898.982 1898.08 1897.607 1896.823 1896.262 1895.735 1895.09 1894.063 1893.327 1892.753 1891.927 1891.82 1890.953 1890.35 1889.568 1888.545 1887.837 1887.263 1886.425 1885.534 1885.27 1884.693 1884.262 1884.15 1884.145 1884.09 1884.07 1883.67 1883.27 1882.093 1881.272 1881.532 1882.26 1882.225 1882.42 1882.464 1882.117 1882.257 1882.24 1882.728 1882.64 1882.545 1882.804 1882.995 1883.279 1883.42
1913.689 1912.618 1911.905 1911.275 1910.772 1910.131 1909.213 1908.532 1907.391 1906.69 1905.91 1905.17 1904.223 1903.345 1902.63 1901.77 1901.21 1900.445 1899.685 1899.202 1898.522 1897.785 1897.205 1896.74 1896.056 1894.93 1894.205 1893.568 1893.368 1892.972 1892.277 1891.26 1890.519 1889.765 1889.082 1888.277 1887.205 1886.49 1886.069 1885.438 1884.917 1884.854 1884.993 1884.88 1885.005 1884.87 1884.363 1883.142 1882.512 1882.703 1883.499 1883.559 1883.71 1883.782 1883.91 1884.04 1884.41 1884.25 1884.22 1884.107 1883.875 1884.005 1884.46 1884.605
1914.659 1913.958 1913.132 1912.465 1911.912 1911.055 1910.256 1909.393 1908.485 1907.712 1906.563 1905.797 1905.133 1904.115 1903.328 1902.69 1901.765 1901.35 1900.512 1899.917 1899.429 1898.854 1898.265 1897.711 1896.835 1895.83 1895.516 1894.49 1894.136 1893.787 1892.835 1892.312 1891.615 1890.805 1890.042 1889.287 1888.075 1887.725 1886.779 1886.262 1885.932 1885.74 1885.655 1885.748 1885.8 1885.7 1885.457 1884.377 1883.75 1884.162 1885.036 1885.113 1885.017 1884.867 1884.97 1885.323 1885.495 1885.66 1885.855 1885.71 1885.838 1885.647 1885.7 1885.953
1915.645 1914.92 1914.042 1913.633 1912.593 1912.055 1911 1910.093 1909.19 1908.387 1907.515 1906.493 1905.901 1905.084 1903.992 1903.475 1902.56 1901.723 1901.218 1900.41 1899.848 1899.5 1899.208 1898.33 1897.917 1897.417 1897.259 1896.04 1895.231 1894.824 1894.734 1893.348 1892.135 1891.793 1890.97 1890.5 1889.4 1888.488 1887.847 1887.56 1886.877 1886.464 1886.392 1886.378 1886.427 1886.54 1886.458 1885.859 1885.14 1885.68 1886.45 1886.275 1885.943 1886.047 1886.307 1886.522 1886.657 1886.633 1886.77 1886.992 1887.01 1887.22 1886.992 1887.11
1917.002 1916.123 1915.13 1914.522 1913.427 1912.595 1911.818 1911.12 1910.232 1909.42 1908.375 1907.785 1906.622 1905.865 1905.162 1904.085 1903.515 1902.663 1902.252 1901.405 1900.839 1900.425 1900.017 1899.218 1898.953 1898.915 1898.192 1897.195 1896.95 1896.29 1895.78 1895.088 1893.417 1892.631 1892.12 1891.511 1890.42 1889.618 1889.088 1888.615 1888.027 1887.723 1887.255 1887.115 1887.235 1887.135 1887.468 1887.38 1886.525 1886.698 1887.276 1887.529 1887.383 1887.31 1887.33 1887.503 1887.596 1887.818 1887.843 1887.968 1888.182 1888.205 1888.325 1888.228
1917.847 1916.847 1915.665 1915.304 1914.369 1913.665 1912.8 1911.91 1910.865 1910.057 1909.185 1908.4 1907.458 1906.762 1906.025 1905.194 1904.27 1903.535 1903.201 1902.352 1901.73 1901.21 1900.45 1899.95 1899.568 1899.368 1898.545 1898.157 1897.93 1897.112 1896.175 1895.21 1894.517 1893.575 1893.122 1892.302 1891.523 1890.813 1890.451 1889.808 1889.068 1888.652 1888.29 1888.075 1887.792 1888.032 1888.279 1888.438 1887.595 1887.833 1888.24 1888.813 1888.577 1888.4 1888.345 1888.53 1888.45 1888.653 1888.818 1889.115 1889.275 1889.34 1889.49 1889.347
1918.82 1918.158 1916.958 1916.157 1915.353 1914.49 1913.589 1912.523 1911.823 1910.869 1910.065 1909.24 1908.185 1907.345 1906.38 1905.883 1905.26 1904.585 1903.97 1903.08 1902.379 1901.755 1901.393 1901.01 1900.775 1900.357 1899.397 1898.722 1898.22 1897.745 1897.177 1896.468 1895.4 1894.968 1893.782 1893.175 1892.542 1892.04 1891.488 1890.677 1890.413 1889.91 1889.688 1889.074 1888.975 1888.77 1888.992 1889.246 1888.853 1888.502 1889.057 1889.853 1889.746 1889.488 1889.38 1889.328 1889.493 1889.715 1889.83 1889.838 1890.002 1890.155 1890.297 1890.443
