Scenarios/Scenario5/topofan.asc
ncols         143
nrows         132
xllcorner     797203,45573964
yllcorner     138849,80658268
cellsize      2,5
NODATA_value  -9999
[rows 56 to 83 of 132, columns 64 to 127 of 143]
2236,615 2235,78 2235,042 2234,055 2233,153 2232,442 2231,65 2230,955 2229,952 2229,333 2228,145 2227,638 2226,365 2225,198 2224,415 2223,468 2222,57 2222,018 2221,31 2220,879 2220,325 2219,655 2218,88 2217,87 2217,022 2216,097 2215,49 2215,091 2215,058 2214,855 2214,494 2213,729 2213,02 2207,701 2204,48 2200,099 2197,13 2195,735 2194,698 2193,265 2191,925 2189,855 2188,133 2186,282 2184,49 2182,375 2181,335 2180,323 2179,54 2177,91 2175,73 2173,893 2170,833 2167,79 2166,169 2161,552 2159,69 2158,21 2157,297 2156,768 2156,258 2155,14 2153,33 2152,632
2236,203 2235,367 2234,63 2233,462 2232,751 2232,066 2231,333 2230,603 2229,813 2229,185 2228,242 2226,9 2226,205 2225,18 2224,325 2223,495 2222,598 2221,945 2221,538 2221,073 2220,66 2220,179 2219,298 2218,12 2217,212 2216,57 2216,24 2216,077 2215,893 2215,748 2215,365 2214,645 2213,505 2211,743 2206,92 2203,089 2196,354 2194,578 2194,118 2193,013 2191,405 2189,76 2187,575 2185,633 2183,02 2181,8 2180,885 2179,615 2178,585 2177,058 2175,407 2172,25 2170,157 2165,96 2162,27 2160,645 2158,813 2157,555 2156,567 2155,76 2154,839 2153,738 2152,735 2151,468
2236,185 2235,107 2233,865 2233,3 2232,385 2231,667 2231,11 2230,067 2229,42 2228,825 2228,032 2227,103 2226,195 2225,177 2224,508 2223,438 2222,58 2221,887 2221,53 2221,192 2220,907 2220,417 2219,615 2218,617 2217,738 2217,182 2216,61 2216,305 2216,295 2216 2215,635 2214,802 2213,73 2212,313 2207,917 2203,303 2196,426 2193,488 2192,255 2191,883 2190,615 2189,264 2187,212 2185,525 2183,032 2181,538 2180,493 2179,32 2177,488 2176,698 2174,085 2170,38 2168,199 2164,741 2162,242 2159,653 2157,63 2156,647 2155,853 2155,118 2154,388 2153,383 2152,205 2151,045
2235,873 2234,995 2233,917 2232,718 2232,075 2231,38 2230,285 2229,645 2228,96 2228,475 2227,705 2226,922 2225,778 2225,038 2224,317 2223,02 2222,603 2222,097 2221,775 2221,397 2221,067 2220,4 2219,63 2218,913 2218,31 2217,958 2217,125 2216,847 2216,782 2216,248 2215,857 2214,745 2213,425 2211,43 2206,75 2202,748 2196,896 2191,61 2190,241 2190,695 2189,887 2188,422 2187,74 2186,408 2183,62 2182,018 2180,407 2178,679 2177,228 2175,405 2172,435 2169,154 2166,55 2162,308 2160,916 2158,605 2157,323 2156,333 2155,507 2154,945 2154,252 2153,448 2152,323 2151,325
2235,518 2234,565 2233,775 2232,67 2231,77 2230,782 2230,093 2229,465 2228,647 2228,103 2227,272 2226,617 2225,68 2224,953 2223,748 2222,95 2222,268 2221,75 2221,845 2221,438 2221,123 2220,445 2219,893 2219,275 2218,907 2217,955 2217,58 2217,097 2216,802 2216,423 2215,932 2214,76 2213,619 2210,774 2206,073 2199,986 2192,123 2189,031 2188,306 2188,327 2188,201 2187,313 2187,004 2185,925 2183,55 2181,955 2180,275 2178,702 2176,67 2175,073 2171,942 2168,425 2164,935 2162,098 2160,153 2158,498 2157,05 2155,855 2155,113 2154,587 2154,057 2153,167 2152,35 2151,3
2235,063 2234,1 2233,257 2232,52 2231,48 2230,42 2229,583 2228,86 2228,337 2227,75 2227,051 2226,23 2225,248 2224,607 2223,575 2222,538 2222,04 2221,55 2221,64 2221,39 2221,107 2220,455 2219,958 2219,47 2219,198 2218,703 2218,2 2217,292 2216,84 2216,615 2216,231 2215,32 2213,85 2212,465 2206,893 2200,566 2192,506 2187,401 2186,745 2186,913 2186,337 2186,105 2186,205 2185,317 2183,62 2182,065 2180,583 2178,58 2176,095 2173,736 2170,72 2164,717 2162,133 2161,183 2159,62 2157,982 2156,368 2155,402 2154,788 2154,238 2153,833 2152,917 2152,19 2150,755
2234,433 2233,755 2233,063 2232,182 2231,385 2230,008 2229,205 2228,495 2227,615 2227,163 2226,57 2225,72 2224,885 2223,775 2222,825 2221,888 2221,408 2221,45 2221,46 2221,33 2220,933 2220,292 2219,955 2219,643 2219,237 2218,825 2218,29 2217,865 2217,123 2216,828 2216,465 2215,66 2214,313 2212,988 2207,29 2198,817 2193,438 2186,272 2185,613 2184,792 2184,37 2184,758 2184,633 2184,482 2183,458 2182,228 2180,527 2177,183 2174,228 2170,978 2165,314 2162,703 2161,735 2160,752 2158,677 2156,962 2156,19 2155,375 2154,522 2153,905 2153,167 2152,76 2151,387 2150,09
2234,022 2233,188 2232,772 2231,627 2230,252 2229,385 2228,995 2228,038 2227,367 2226,682 2225,982 2225,552 2224,597 2223,688 2222,563 2221,525 2221,18 2221,211 2221,462 2221,192 2220,633 2220,218 2219,88 2219,64 2219,239 2218,795 2218,467 2217,805 2217,232 2216,955 2216,667 2215,815 2214,415 2213,23 2209,415 2200,471 2195,725 2189,897 2183,08 2182,574 2182,78 2183,415 2182,663 2182,348 2182,655 2181,442 2178,133 2175,944 2172,685 2167,424 2163,528 2161,795 2161,348 2160,359 2157,31 2156,502 2155,448 2154,701 2153,73 2153,297 2152,752 2151,965 2151,265 2149,817
2233,476 2232,597 2231,752 2230,657 2229,873 2229,113 2228,31 2227,375 2226,665 2226,15 2225,865 2224,923 2224,35 2223,06 2222,172 2221,212 2220,91 2220,92 2221,218 2221,018 2220,655 2220,113 2219,958 2219,667 2219,407 2219,055 2218,555 2217,813 2217,29 2216,723 2216,525 2215,917 2214,593 2213,013 2211,49 2201,147 2196,02 2184,281 2180,55 2181,427 2180,872 2181,27 2181,05 2180,76 2181,39 2179,56 2177,399 2173,835 2168,014 2163,83 2162,278 2161,218 2160,734 2159,425 2156,27 2155,575 2154,683 2153,864 2153,54 2153,073 2152,425 2151,845 2150,963 2149,37
2232,913 2231,972 2231,225 2230,147 2229,29 2228,37 2227,607 2226,978 2226,32 2225,765 2225,552 2224,57 2223,74 2222,36 2221,935 2221,067 2220,417 2220,393 2220,828 2220,8 2220,547 2220,2 2220 2219,735 2219,33 2219,113 2218,57 2217,847 2217,268 2216,7 2216,302 2215,893 2214,77 2213,278 2207,773 2201,295 2192,463 2181,561 2177,643 2177,726 2179,097 2179,717 2179,607 2179,192 2179,605 2178,16 2175,115 2171,589 2164,251 2161,712 2160,512 2160,478 2160,018 2156,79 2155,507 2154,499 2153,978 2153,49 2153,02 2152,86 2152,252 2151,337 2150,073 2148,9
2231,986 2231,394 2230,616 2229,88 2229,022 2227,9 2227,203 2226,605 2225,712 2225,132 2224,85 2224,095 2222,998 2222,23 2221,42 2220,645 2219,965 2220,137 2220,49 2220,677 2220,407 2220,14 2219,883 2219,661 2219,2 2218,61 2218,272 2217,643 2216,825 2216,476 2216,232 2215,458 2214,53 2213,397 2205,542 2199,114 2187,871 2177,103 2175,143 2175,768 2176,409 2177,06 2177,429 2176,946 2176,774 2175,419 2171,979 2165,988 2162,323 2160,795 2159,745 2159,631 2159,113 2156,92 2154,722 2153,847 2153,516 2153,093 2151,94 2151,917 2151,545 2150,573 2149,585 2148,495
2231,335 2230,53 2229,741 2229,011 2228,508 2227,945 2226,738 2225,95 2225,067 2224,613 2224,067 2223,067 2222,325 2221,78 2221,13 2220,397 2219,865 2219,587 2219,577 2220,004 2219,965 2219,725 2219,478 2219,136 2218,835 2218,475 2218,08 2217,605 2216,748 2216,132 2215,7 2215,045 2213,974 2213,093 2207,244 2196,577 2179,03 2173,721 2173,096 2173,61 2173,75 2174,845 2174,718 2173,174 2173,434 2168,143 2164,996 2162,823 2161,305 2160,165 2159,46 2159,146 2157,655 2156,23 2154,67 2153,135 2152,975 2152,335 2151,653 2151,07 2150,813 2149,91 2148,58 2146,853
2230,28 2229,75 2229,331 2228,54 2227,874 2226,748 2226,325 2225,67 2224,78 2223,833 2223,55 2222,445 2222,295 2221,715 2220,677 2219,612 2219,195 2219,103 2218,917 2219,104 2219,21 2219,458 2219,185 2218,833 2218,35 2218,157 2217,833 2217,35 2216,48 2215,61 2215,04 2214,35 2212,933 2209,41 2206,611 2193,278 2175,707 2172,109 2170,953 2171,611 2171,946 2171,899 2172,602 2170,52 2168,813 2165,89 2163,938 2162,32 2160,231 2159,46 2158,725 2157,83 2157,134 2156,455 2153,46 2152,625 2152,365 2152,113 2151,172 2150,587 2149,53 2148,815 2147,915 2146,492
2229,353 2228,737 2228,203 2227,578 2227,157 2226,335 2225,48 2224,982 2224,143 2223,472 2222,888 2222,56 2221,857 2221,105 2220,508 2219,325 2218,725 2218,431 2218,317 2218,715 2218,81 2218,763 2218,373 2218,37 2218,032 2217,805 2217,547 2216,95 2215,783 2214,934 2213,98 2213,15 2212,093 2209,992 2208,04 2192,041 2175,513 2169,673 2169,245 2169,817 2170,635 2170,019 2170,835 2169,82 2168,57 2166,051 2163,433 2161,442 2160,022 2158,975 2158,24 2157,475 2155,955 2154,731 2152,452 2152,02 2151,792 2151,75 2150,575 2149,76 2148,585 2147,403 2146,647 2145,241
2228,065 2227,843 2227,113 2226,61 2226,385 2225,485 2224,958 2224,133 2223,538 2222,708 2222,32 2222,02 2220,806 2220,3 2219,845 2218,863 2218,325 2217,877 2217,712 2218,045 2218,052 2217,92 2217,512 2217,63 2217,367 2217,498 2217,2 2216,59 2215,423 2214,15 2212,927 2211,153 2210,565 2207,966 2199,662 2187,913 2175,4 2167,211 2166,54 2166,831 2168,66 2168,315 2168,657 2168,145 2166,708 2162,532 2161,115 2159,487 2158,7 2158,125 2157,875 2157,08 2154,702 2152,937 2151,609 2151,203 2151,31 2151,152 2149,97 2148,8 2147,36 2146,53 2145,478 2142,877
2227,084 2226,482 2225,988 2225,367 2224,873 2224,853 2223,948 2223,285 2222,675 2221,565 2221,238 2220,522 2220,039 2219,665 2219,01 2218,478 2217,91 2217,15 2216,996 2217,29 2217,31 2217,228 2216,708 2216,693 2216,634 2216,732 2216,47 2216,13 2215,052 2213,042 2210,895 2209,732 2194,74 2198,993 2189,242 2179,48 2171,527 2163,505 2163,964 2164,103 2165,201 2165,456 2165,877 2165,378 2164,614 2161,877 2160,445 2159,055 2158,127 2157,465 2156,292 2155,13 2154,028 2151,501 2150,598 2150,44 2150,444 2150,315 2149,617 2147,99 2146,48 2145,76 2143,313 2141,245
2226,489 2225,69 2224,843 2224,44 2223,44 2222,971 2222,624 2222,058 2221,421 2220,821 2219,958 2219,384 2219,063 2218,763 2218,334 2218,038 2217,388 2216,25 2216,152 2216,364 2216,723 2216,45 2216,473 2216,188 2215,834 2215,76 2215,61 2214,933 2213,945 2212,052 2207,534 2199,728 2191,892 2187,081 2179,268 2172,98 2167,67 2162,745 2161,731 2162,445 2163,905 2164,065 2163,82 2163,332 2161,7 2160,94 2159,374 2158,271 2157,45 2156,603 2155,968 2154,28 2152,768 2150,875 2149,56 2149,565 2149,479 2148,986 2148,57 2146,57 2145,415 2144,72 2142,894 2140,201
2226,002 2224,603 2224,157 2223,228 2222,2 2222,055 2221,402 2220,613 2220,031 2219,389 2218,771 2218,376 2218,014 2217,859 2217,415 2217,157 2216,955 2215,78 2215,625 2215,825 2215,945 2215,925 2215,85 2215,518 2215,458 2214,978 2214,816 2214,195 2212,915 2207,557 2198,32 2191,506 2189,81 2186,956 2176,98 2169,811 2165,78 2162,098 2159,661 2161,052 2161,604 2162,647 2161,624 2159,74 2159,433 2158,525 2157,85 2157,256 2156,426 2155,833 2154,587 2153,11 2151,758 2149,76 2149,025 2148,445 2148,232 2147,985 2147,597 2146,175 2144,96 2143,88 2141,055 2139,061
2224,765 2224,157 2223,475 2222,682 2221,738 2221,063 2220,02 2220,115 2218,627 2218,242 2217,499 2217,164 2216,869 2216,646 2216,538 2216,51 2216,026 2214,738 2214,48 2214,821 2215,07 2215,137 2215,16 2214,968 2214,833 2214,41 2213,962 2212,121 2211,387 2203,246 2194,948 2189,554 2188,426 2183,073 2175,462 2168,11 2160,421 2158,102 2157,355 2158,014 2157,385 2157,845 2156,143 2154,031 2154,776 2154,657 2154,999 2154,769 2154,755 2154,359 2153,297 2152,536 2151,152 2148,865 2147,895 2147,532 2147,292 2147,538 2147,11 2145,597 2144,222 2142,962 2139,22 2138,57
2224,245 2223,155 2222,7 2221,945 2220,963 2219,988 2219,302 2218,52 2218,155 2217,13 2216,28 2215,54 2215,585 2215,883 2215,59 2215,835 2214,809 2213,857 2213,69 2213,85 2214,044 2213,992 2214,045 2214,211 2214,507 2213,925 2212,584 2210,296 2207,245 2197,752 2191,982 2187,403 2184,555 2181,238 2173,473 2167,333 2153,047 2153,598 2153,441 2153,949 2153,177 2152,533 2150,913 2150,895 2152,177 2152,485 2153,075 2152,975 2153,498 2153,478 2151,887 2150,948 2150,665 2148,206 2146,84 2146,123 2145,884 2145,911 2145,95 2145,12 2143,468 2142,04 2138,54 2137,6
2223,492 2222,865 2222,175 2221,262 2220,11 2219,393 2218,143 2217,473 2216,278 2215,541 2214,974 2213,883 2213,87 2214,055 2214,063 2214,855 2213,555 2213,03 2213,018 2213,272 2213,465 2213,542 2213,513 2213,198 2213,192 2213,05 2212,164 2209,278 2204,718 2196,145 2191,444 2185,985 2184,272 2179,152 2168,75 2156,215 2152,716 2150,957 2149,623 2148,216 2148,56 2148,527 2148,821 2149,368 2149,671 2150,336 2151,012 2151,849 2152,573 2151,853 2150,045 2149,452 2148,449 2147,175 2145,445 2145,175 2144,73 2144,234 2143,665 2142,97 2142,37 2140,113 2137,603 2136,908
2222,965 2222,377 2221,567 2220,518 2219,42 2218,535 2217,603 2216,275 2215,31 2214,12 2213,27 2212,67 2212,7 2212,657 2213,085 2213,045 2212,198 2211,945 2212,422 2212,363 2212,66 2212,738 2212,478 2212,675 2212,522 2212,24 2211,835 2209,745 2201,883 2192,785 2186,958 2184,86 2182,845 2173,399 2158,614 2152,563 2149,458 2146,95 2146,27 2146,377 2146,72 2146,919 2147,103 2147,383 2147,922 2148,706 2149,599 2150,782 2151,064 2149,093 2147,545 2146,823 2146,366 2145,988 2144,723 2144,302 2143,563 2143,155 2142,132 2141,04 2139,33 2136,975 2136,386 2136,349
2222,502 2221,587 2220,755 2219,505 2218,42 2217,435 2216,605 2215,33 2213,802 2213,125 2212,113 2211,283 2210,778 2210,765 2211,192 2211,965 2211,515 2211,032 2211,417 2211,302 2211,897 2211,962 2211,91 2211,617 2211,67 2211,373 2210,627 2209,29 2194,417 2190,381 2185,083 2183,087 2178,749 2165,631 2153,032 2149,2 2144,923 2143,221 2143,285 2144,318 2145,522 2144,877 2144,82 2144,688 2146,05 2146,644 2147,188 2147,797 2147,606 2145,726 2145,119 2144,918 2144,938 2144,925 2143,685 2143,375 2142,677 2142,22 2141,37 2139,258 2137,285 2135,265 2134,897 2134,222
2222,368 2220,853 2219,847 2218,745 2217,73 2216,72 2215,883 2214,385 2213,083 2211,54 2210,597 2209,337 2208,815 2208,857 2209,717 2210,051 2209,925 2210,445 2210,387 2210,583 2210,758 2211,458 2211,532 2210,968 2210,585 2209,935 2208,702 2199,231 2195,567 2190,205 2185,08 2182,365 2165,154 2154,715 2147,876 2143,775 2141,583 2141,261 2141,144 2141,809 2141,696 2141,804 2142,227 2143,223 2144,022 2144,466 2144,487 2144,483 2143,159 2143,365 2142,83 2142,548 2143,006 2143,272 2141,903 2142,008 2140,985 2140,635 2140,325 2138,823 2135,249 2133,77 2132,257 2131,925
2221,208 2220,177 2219,15 2218,052 2216,71 2215,89 2214,74 2213,387 2212,135 2210,265 2209,18 2207,752 2207,17 2206,859 2207,512 2208,538 2208,063 2208,28 2208,792 2209,708 2210,337 2210,873 2210,982 2210,31 2209,782 2209,262 2206,97 2200,194 2195,81 2192,8 2185,49 2172,188 2153,209 2148,604 2140,802 2140,472 2140,59 2140,42 2140,157 2139,305 2139,313 2139,638 2139,417 2140,558 2139,568 2140,804 2140,295 2140,843 2141,53 2141,294 2140,48 2140,647 2141,495 2139,155 2139,351 2138,778 2138,276 2138,567 2138,848 2137,373 2132,875 2132,04 2130,782 2131,383
2220,603 2219,645 2218,18 2217,21 2215,93 2214,5 2213,442 2212,492 2210,643 2209,473 2207,802 2206,167 2205,02 2203,987 2204,873 2205,282 2205,999 2206,535 2206,953 2208,772 2209,97 2209,346 2209,643 2209,615 2207,026 2206,33 2205,637 2199,995 2196,125 2192,886 2184,59 2161,256 2148,2 2142,172 2139,257 2139,318 2139,375 2139,242 2139,117 2138,383 2137,962 2137,435 2138,145 2137,92 2137,4 2137,426 2138,657 2138,234 2138,262 2138,373 2139,345 2139,113 2138,748 2137,617 2137,32 2137,12 2136,308 2136,44 2135,578 2134,105 2131,605 2131,06 2130,48 2129,33
2220,042 2218,855 2217,72 2216,505 2215,248 2213,627 2212,42 2211,387 2209,828 2208,643 2206,708 2204,567 2203,432 2203,002 2203,57 2204,635 2204,435 2204,867 2204,47 2205,917 2207,218 2206,658 2207,647 2206,292 2205,659 2204,948 2203,907 2200,281 2196,99 2188,977 2169,138 2150,324 2143,19 2139,035 2138,672 2138,327 2137,958 2138,268 2137,76 2136,895 2136,845 2136,46 2135,885 2135,85 2135,21 2135,22 2136,165 2136,677 2137,013 2136,877 2137,127 2137,097 2136,496 2134,873 2134,625 2135,3 2134,118 2134,833 2131,623 2130,393 2130,346 2130,36 2129,409 2128,952
2219,49 2218,665 2217,363 2216,225 2215,073 2213,742 2212,157 2210,738 2209,357 2208,015 2206,323 2205,153 2203,237 2202,23 2201,88 2202,877 2203,485 2203,732 2203,345 2201,818 2200,817 2201,841 2202,29 2203,628 2203,395 2202,037 2201,495 2199,84 2194,924 2174,916 2152,13 2146,355 2139,851 2138,484 2137,959 2137,438 2137,212 2136,835 2136,167 2135,89 2135,196 2135,13 2134,867 2134,44 2134,15 2134,11 2134,065 2135,245 2135,125 2135,248 2135,21 2135,74 2131,17 2132,09 2131,81 2132,042 2132,495 2129,97 2128,867 2129,133 2129,46 2128,65 2128,512 2126,666
