Scenarios/Scenario5/topofan.asc
ncols         143
nrows         132
xllcorner     797203,45573964
yllcorner     138849,80658268
cellsize      2,5
NODATA_value  -9999
[rows 0 to 27 of 132, columns 64 to 127 of 143]
-9999 -9999 -9999 -9999 -9999 -9999 -9999 -9999 -9999 -9999 -9999 -9999 -9999 -9999 -9999 -9999 -9999 -9999 -9999 -9999 -9999 -9999 -9999 -9999 -9999 -9999 -9999 -9999 -9999 -9999 -9999 -9999 -9999 -9999 -9999 -9999 -9999 -9999 -9999 -9999 -9999 -9999 -9999 -9999 -9999 -9999 -9999 -9999 -9999 -9999 -9999 -9999 -9999 -9999 -9999 -9999 -9999 -9999 -9999 -9999 -9999 -9999 -9999 -9999
2301,481 2300,796 2300,135 2299,319 2298,529 2297,716 2297,006 2296,47 2295,771 2295,7 2295,341 2294,885 2294,553 2294,285 2293,067 2293,029 2292,46 2291,969 2291,558 2290,861 2289,816 2288,778 2287,104 2285,58 2283,863 2281,503 2279,65 2277,371 2275,058 2273,515 2272,353 2271,488 2271,201 2271,545 2272,183 2272,282 2272,186 2271,868 2271,373 2270,675 2270,018 2267,999 2266,425 2262,85 2260,406 2255,593 2254,097 2252,468 2251,048 2245,7 2239,683 2236,4 2228,668 2222,02 2219,351 2216,537 2214,458 2212,547 2206,138 2201,94 2196,438 2193,604 2190,104 2182,301
2300,09 2299,311 2298,875 2298,676 2297,715 2296,949 2296,01 2295,245 2294,962 2294,335 2293,683 2292,998 2292,29 2292,11 2292,129 2291,993 2291,33 2290,873 2290,925 2290,02 2289,188 2288,052 2286,552 2285,275 2283,806 2281,385 2280,088 2277,086 2274,475 2272,805 2270,909 2270,245 2269,971 2270,6 2270,411 2270,758 2270,912 2270,867 2270,31 2269,451 2268,153 2266,916 2264,847 2262,167 2256,76 2253,944 2252,226 2250,824 2249,62 2243,319 2238,353 2228,447 2223,893 2221,224 2218,554 2215,862 2214,147 2207,738 2198,119 2193,086 2190,219 2187,748 2181,626 2174,452
2299,288 2298,004 2297,692 2296,974 2296,795 2295,62 2295,065 2294,708 2294,033 2293,401 2292,795 2291,994 2291,38 2291,265 2290,84 2290,46 2290,13 2289,64 2289,468 2288,867 2288,103 2287,171 2286,039 2284,475 2282,966 2281,274 2280,272 2277,952 2275,774 2271,18 2269,685 2269,125 2268,558 2268,851 2269,16 2269,195 2269,774 2269,84 2269,117 2268,379 2267,012 2265,277 2263,805 2261,41 2255,38 2252,193 2250,527 2249,415 2247,953 2240,84 2233,958 2225,92 2223,276 2220,351 2217,905 2215,903 2209,338 2199,719 2190,099 2184,338 2181,705 2178,802 2174,477 2171,41
2298,282 2297,201 2296,752 2296,157 2295,539 2295,136 2294,156 2293,638 2293,395 2292,725 2292,292 2291,765 2290,985 2290,335 2290,03 2289,405 2289,195 2288,93 2288,73 2288,177 2287,254 2286,431 2285,252 2283,902 2282,34 2281,282 2279,688 2277,521 2274,8 2270,555 2268,479 2267,706 2267,507 2267,512 2267,743 2267,998 2268,216 2268,535 2268,038 2267,1 2265,931 2263,865 2262,729 2258,107 2252,865 2251,472 2249,448 2246,735 2242,159 2237,502 2230,44 2225,495 2223,04 2220,47 2217,8 2213,116 2201,689 2191,689 2181,689 2178,48 2176,499 2175,141 2173,67 2171,848
2297,666 2296,64 2295,981 2295,684 2294,924 2294,177 2293,396 2292,732 2292,555 2292,04 2291,482 2291,027 2290,664 2289,752 2289,119 2288,867 2288,337 2288,058 2287,611 2287,481 2286,666 2285,604 2284,221 2283,323 2281,91 2280,992 2278,015 2274,948 2271,981 2268,604 2267,393 2266,877 2266,297 2266,195 2266,501 2266,878 2267,041 2266,86 2266,35 2265,97 2264,405 2261,784 2259,386 2253,238 2251,712 2250,712 2247,512 2244,357 2237,952 2232,985 2227,383 2225,261 2222,385 2219,41 2218,016 2206,656 2194,852 2184,376 2180,315 2178,52 2177,359 2175,473 2174,07 2172,545
2297,099 2295,711 2294,682 2293,564 2293,208 2292,462 2292,606 2291,843 2291,185 2291,037 2290,37 2289,92 2289,631 2289,435 2288,559 2288,147 2287,82 2287,342 2287,16 2286,742 2285,888 2284,791 2283,357 2281,236 2280,978 2280,01 2276,032 2273,449 2269,855 2266,891 2265,482 2264,906 2264,414 2264,542 2265,502 2265,785 2265,865 2265,686 2265,018 2262,605 2261,273 2259,286 2254,05 2252,123 2250,857 2248,6 2245,278 2240,186 2233,221 2229,26 2226,795 2224,902 2222,402 2219,167 2210,496 2200,18 2189,879 2183,49 2181,626 2179,155 2177,512 2175,775 2174,505 2172,363
2295,886 2294,83 2293,426 2292,395 2291,525 2291,065 2290,635 2290,163 2289,87 2289,419 2288,482 2288,285 2288,629 2287,88 2288,169 2287,637 2287,48 2286,959 2286,769 2286,027 2285,087 2284,162 2283,113 2281,029 2279,725 2276,735 2273,105 2271,225 2268,471 2265,545 2262,616 2262,367 2261,971 2262,243 2263,567 2264,673 2264,57 2263,073 2261,83 2260,008 2258,093 2255,028 2250,302 2249,616 2248,81 2245,962 2242,188 2236,031 2230,188 2227,76 2226,235 2224,592 2222,022 2211,499 2199,492 2190,062 2187,833 2185,191 2182,037 2180,36 2178,956 2176,632 2174,436 2173,482
2294,729 2293,354 2291,401 2290,605 2289,79 2289,153 2289,15 2288,76 2288,109 2287,403 2286,93 2286,453 2286,588 2286,868 2286,429 2286,265 2286,783 2286,135 2285,492 2284,973 2284,4 2283,359 2282,427 2281,04 2279,819 2275,431 2271,143 2270,022 2267,093 2263,32 2260,722 2259,854 2259,581 2260,28 2261,805 2262,349 2262,305 2259,813 2259,044 2258,31 2255,584 2250,609 2248,462 2247,522 2245,64 2241,97 2235,964 2231,193 2228,512 2227,298 2225,518 2223,59 2220,877 2207,871 2194,277 2191,235 2189 2186,147 2183,393 2181,945 2179,018 2177,325 2176,295 2174,14
2293,495 2291,877 2289,502 2287,961 2286,921 2287,116 2286,89 2286,778 2285,946 2285,119 2284,785 2284,552 2284,38 2284,5 2283,792 2283,873 2284,782 2284,971 2284,3 2284,198 2283,802 2282,945 2281,786 2280,874 2279,855 2273,423 2270,067 2268,311 2264,823 2261,441 2258,278 2258,177 2257,833 2258,701 2260,34 2260,454 2259,093 2256,983 2257,415 2255,692 2250,156 2248,041 2246,157 2245,992 2242,554 2237,62 2230,684 2228,817 2227,603 2226,498 2225,223 2223,435 2217,917 2206,548 2194,046 2191,965 2188,802 2186,725 2184,56 2182,157 2180,95 2178,25 2176,363 2174,597
2291,945 2289,944 2287,85 2285,815 2284,81 2285,063 2284,736 2284,142 2283,178 2283,274 2282,767 2281,95 2282,35 2281,167 2281,388 2282,085 2283,486 2283,715 2282,823 2282,643 2282,019 2280,915 2280,92 2280,28 2278,665 2272,936 2268,794 2265,44 2263,073 2261,006 2256,837 2255,717 2255,518 2256,547 2258,452 2258,735 2256,455 2255,736 2254,77 2250,109 2247,585 2245,65 2244,375 2240,301 2237,897 2232,685 2229,583 2227,873 2227,205 2225,605 2224,466 2220,768 2205,236 2195,529 2193,865 2191,242 2189,87 2187,44 2185,367 2183,34 2181,652 2179,52 2177,133 2174,89
2290,685 2288,254 2286,469 2284,633 2282,62 2282,587 2282,315 2281,429 2281,038 2281,299 2280,955 2279,925 2280,012 2279,421 2280,185 2280,728 2281,622 2282,141 2281,656 2281,09 2280,573 2280,054 2279,645 2278,58 2276,988 2272,261 2267,406 2263,323 2261,52 2258,568 2254,813 2253,234 2253,5 2253,85 2254,373 2254,408 2252,894 2253,135 2250,538 2246,839 2245,197 2243,84 2241,109 2235,745 2232,438 2231,052 2228,924 2227,472 2225,353 2224,229 2221,773 2209,825 2196,082 2193,018 2191,005 2190,107 2188,347 2187,19 2185,712 2183,609 2182,37 2180,81 2177,895 2175,078
2288,782 2287,395 2285,531 2283,413 2280,998 2280,19 2280,156 2279,135 2279,515 2279,244 2279,075 2278,177 2277,379 2278,164 2278,706 2279,435 2280,647 2280,887 2280,857 2280,333 2279,276 2278,665 2277,759 2277,035 2275,452 2270,086 2264,09 2261,42 2258,262 2253,615 2252,712 2252,075 2251,851 2251,485 2251,112 2250,458 2250,28 2248,535 2246,435 2245,361 2243,306 2241,263 2235,993 2233,775 2232,25 2230,271 2228,46 2227,105 2224,385 2215,719 2209,966 2197,339 2192,538 2191,073 2189,96 2188,405 2186,902 2185,737 2184,52 2183,12 2181,922 2180,482 2178,825 2176,559
2286,958 2285,887 2284,264 2282,474 2280,603 2278,64 2277,624 2278,052 2277,284 2276,66 2277,022 2276,373 2275,345 2275,887 2277,052 2277,907 2279,597 2279,979 2279,57 2278,827 2277,995 2277,323 2276,951 2276,019 2273,505 2267,558 2262,143 2258,289 2254,186 2250,486 2250,286 2250,084 2249,538 2249,882 2249,1 2248,39 2246,532 2243,995 2243,902 2242,403 2239,578 2236,914 2234,488 2233,38 2231,53 2229,777 2228,355 2223,171 2216,823 2203,469 2195,948 2192,162 2190,81 2189,445 2188,203 2186,603 2184,948 2183,309 2182,458 2181,443 2180,462 2179,461 2178,45 2176,143
2285,103 2283,742 2282,357 2282,03 2280,438 2278,922 2276,063 2275,435 2275,29 2275,134 2274,415 2274,321 2274,049 2274,938 2275,404 2276,669 2278,373 2278,564 2278,188 2277,8 2276,585 2275,817 2275,722 2274,444 2271,438 2266,249 2258,286 2253,864 2249,833 2248,231 2248,42 2247,792 2247,722 2247,813 2246,919 2245,995 2243,624 2242,357 2240,604 2239,491 2236,775 2235,577 2234,305 2232,74 2231,278 2229,143 2223,648 2212,579 2206,253 2196,983 2192,555 2190,055 2188,798 2187,587 2185,49 2184,745 2182,917 2182,147 2180,766 2179,689 2178,745 2178,17 2177,03 2175,732
2282,961 2281,883 2280,87 2280,067 2279,131 2278,432 2275,573 2273,9 2273,19 2273,313 2272,625 2272,607 2272,733 2273,194 2274,022 2274,942 2276,305 2276,97 2276,167 2276,012 2275,357 2274,595 2273,609 2271,285 2266,754 2257,5 2252,57 2249,439 2247,553 2245,753 2246,109 2245,917 2245,998 2246,208 2244,607 2243,365 2242,244 2240,74 2238,625 2237,565 2236,502 2235,232 2234,06 2232,663 2231,837 2227,086 2217,172 2207,038 2200,578 2193,782 2190,57 2188,962 2187,008 2185,45 2183,87 2182,667 2181,505 2180,758 2179,328 2178,336 2177,13 2176,402 2175,688 2175,02
2281,12 2280,528 2279,922 2278,458 2277,679 2277,047 2275,377 2273,535 2271,705 2271,179 2270,58 2270,834 2271,268 2271,828 2272,623 2273,61 2275,106 2275,067 2274,849 2274,107 2273,301 2272,218 2270,784 2269,043 2260,9 2254,671 2250,053 2246,61 2245,167 2243,927 2243,995 2243,815 2244,647 2243,795 2242,683 2240,834 2240,139 2239,292 2238,188 2236,942 2235,893 2235,029 2234,218 2233,282 2228,683 2219,818 2210,021 2201,103 2197,363 2191,105 2189,218 2187,462 2185,645 2184,482 2182,695 2181,23 2180,2 2178,915 2177,802 2176,978 2175,955 2175,24 2174,395 2173,77
2279,74 2278,91 2277,985 2277,143 2276,16 2275,425 2274,225 2272,609 2270,2 2269,431 2269,077 2269,274 2269,534 2270,079 2270,88 2272,239 2273,477 2273,712 2272,567 2271,75 2270,555 2270,025 2268,148 2264,052 2256,774 2250,089 2245,055 2243,123 2241,81 2241,668 2241,879 2241,725 2241,84 2241,474 2240,902 2240,188 2239,083 2238,323 2237,43 2236,683 2235,91 2234,752 2234,012 2233,085 2225,951 2216,707 2203,542 2198,723 2192,095 2189,838 2187,74 2186,228 2184,86 2182,845 2181,61 2179,955 2178,775 2177,792 2176,627 2175,44 2174,507 2173,992 2173,252 2172,485
2278,073 2277,75 2276,56 2275,883 2274,595 2273,73 2273,125 2271,59 2269,618 2267,613 2267,073 2267,759 2268,007 2268,71 2269,754 2271,24 2271,705 2271,135 2270,226 2268,87 2268,392 2267,732 2266,908 2259,666 2251,934 2245,681 2242,832 2239,847 2239,56 2240,413 2239,723 2239,176 2239,968 2239,958 2238,64 2237,353 2237,79 2236,772 2236,383 2235,356 2234,129 2233,914 2233,013 2230,567 2222,163 2211,968 2200,52 2197,009 2190,448 2188,841 2186,975 2185,587 2184,127 2182,427 2180,835 2179,68 2178,405 2177,363 2176,228 2174,623 2173,808 2172,855 2172,07 2171,683
2275,795 2274,895 2274,802 2273,738 2272,927 2271,942 2271,175 2270,205 2268,85 2266,507 2265,875 2265,677 2266,745 2267,414 2269,206 2269,748 2269,536 2268,522 2267,43 2265,706 2265,641 2265,067 2263,19 2256,165 2247,179 2241,688 2240,926 2238,726 2237,579 2237,684 2237,366 2237,012 2237,153 2237,188 2236,422 2235,792 2236,085 2235,011 2234,032 2232,881 2232,289 2231,793 2229,136 2224,856 2217,647 2207,778 2198,46 2191,035 2189,682 2187,995 2186,353 2185,085 2183,671 2182,14 2180,535 2179,05 2178,417 2176,865 2175,522 2174,515 2172,91 2172,173 2171,438 2170,915
2273,603 2272,988 2272,545 2272,104 2271,422 2270,307 2269,6 2268,607 2267,8 2265,193 2264,45 2264,268 2265,213 2265,857 2267,677 2266,887 2266,587 2264,819 2264,102 2262,836 2263,192 2263,185 2257,222 2251,715 2246,331 2240,465 2237,853 2236,587 2236,308 2236,078 2235,212 2234,843 2235,323 2234,895 2234,456 2233,76 2234,335 2233,475 2232,91 2231,498 2226,314 2223,71 2219,485 2213,613 2208,223 2202,079 2193,779 2189,863 2188,925 2187,578 2186,087 2185,125 2184,205 2182,051 2180,848 2179,468 2178,262 2177,258 2175,424 2174,545 2173,218 2171,456 2170,84 2170,228
2271,925 2270,938 2270,848 2270,135 2269,583 2268,66 2267,703 2266,681 2265,93 2264,087 2262,439 2262,427 2263,203 2263,38 2263,573 2263,316 2262,319 2262,282 2260,765 2259,961 2260,442 2260,078 2255,552 2250,55 2245,254 2240,127 2235,4 2234,019 2233,769 2234,017 2233,144 2232,365 2231,574 2231,842 2231,95 2231,693 2230,831 2228,351 2225,857 2225,445 2220,512 2215,856 2212,474 2205,542 2200,356 2192,573 2190,893 2189,663 2188,395 2187,051 2185,795 2185,063 2183,16 2181,96 2180,728 2179,479 2178,43 2176,672 2175,2 2174,845 2173,265 2171,884 2171,106 2170,236
2270,706 2269,531 2269,252 2267,982 2267,7 2267,052 2266,123 2265,658 2264,748 2263,427 2261,508 2259,887 2260,487 2260,617 2260,024 2259,55 2259,42 2258,71 2258,09 2257,488 2256,599 2256,366 2253,203 2248,201 2243,479 2240,552 2233,488 2232,255 2231,555 2230,755 2230,326 2229,729 2229,726 2229,034 2228,32 2227,126 2225,244 2221,951 2218,804 2217,239 2212,695 2209,403 2206,717 2200,388 2193,905 2191,635 2190,002 2189,03 2187,723 2187,09 2185,6 2184,248 2182,955 2182,163 2180,634 2179,25 2178,015 2176,145 2174,846 2174,567 2173,615 2172,235 2170,714 2169,867
2269,442 2268,41 2267,04 2266,42 2265,22 2265,922 2263,708 2263,488 2262,535 2261,77 2260,657 2258,665 2257,278 2257,081 2256,884 2256,42 2256,718 2255,742 2255,897 2255,232 2253,594 2252,9 2251,135 2248,248 2245,283 2239,845 2231,493 2230,288 2230,129 2229,226 2228,118 2226,787 2225,694 2225,512 2223,33 2221,13 2221,105 2217,008 2212,532 2209,427 2207,468 2204,097 2201,271 2195,403 2193,375 2191,163 2189,45 2188,51 2188,202 2187,645 2185,688 2184,28 2182,797 2181,97 2180,458 2178,85 2177,721 2175,813 2174,488 2173,002 2171,78 2170,7 2169,22 2168,067
2268,072 2266,963 2265,663 2264,772 2264,18 2262,72 2261,843 2261,535 2261,073 2260,808 2259,551 2258,333 2255,796 2255,361 2254,913 2254,045 2253,29 2253,017 2250,64 2251,074 2250,409 2249,993 2249,334 2247,774 2246,27 2240,711 2229,232 2228,552 2228,41 2226,358 2225,24 2223,71 2222,522 2222,05 2219,489 2217,11 2216,633 2213,272 2209,282 2206,821 2203,028 2198,846 2196,505 2194,325 2191,548 2190,3 2189,012 2187,988 2187,455 2187,098 2185,625 2184,153 2182,811 2181,575 2179,975 2178,542 2177,19 2175,335 2173,5 2171,897 2170,258 2169,1 2167,577 2166,647
2266,625 2265,346 2264,194 2263,051 2262,448 2261,643 2259,968 2260,01 2259,94 2259,367 2258,077 2257,295 2255,202 2253,913 2252,757 2251,742 2251,522 2250,177 2248,417 2248,323 2247,448 2246,68 2246,278 2245,442 2244,69 2233,745 2226,665 2226,142 2226,328 2224,714 2222,115 2220,351 2218,68 2218,688 2215,693 2213,091 2211,818 2208,686 2205,692 2203,707 2199,183 2196,86 2195,127 2192,74 2191,21 2189,975 2188,2 2186,978 2186,14 2185,385 2184,755 2183,99 2182,487 2181,155 2180,135 2178,04 2176,488 2174,961 2172,732 2171,015 2169,133 2167,625 2166,827 2165,158
2265,265 2264,37 2263,194 2262,31 2260,65 2260,202 2258,94 2258,665 2258,018 2257,155 2256,508 2255,265 2254,165 2252,431 2251,047 2249,908 2249,07 2247,657 2245,92 2244,917 2244,335 2244,661 2243,004 2242,679 2242,435 2226,52 2224,725 2223,627 2223,094 2221,446 2219,082 2217,188 2215,58 2214,45 2212,007 2209,528 2207,422 2206,234 2201,365 2199,99 2197,427 2196,03 2193,285 2192,094 2190,38 2189,232 2187,96 2186,8 2185,939 2184,997 2183,998 2182,829 2181,563 2180,755 2179,641 2178,3 2176,828 2174,578 2172,685 2171,035 2169,34 2167,591 2166,011 2164,38
2264,033 2263,408 2262,252 2260,797 2259,445 2258,083 2257,93 2257,407 2257,14 2256,353 2255,453 2254,29 2253,066 2251,171 2249,138 2247,78 2245,482 2244,21 2242,958 2241,27 2240,842 2240,542 2236,758 2230,744 2230,266 2224,887 2222,308 2221,275 2219,551 2217,98 2216,548 2214,739 2212,837 2211,193 2208,859 2207,255 2204,799 2201,683 2200,748 2199,028 2196,091 2193,873 2192,685 2190,809 2189,948 2189,194 2188,18 2186,94 2185,925 2184,985 2183,311 2182,276 2180,862 2179,635 2178,07 2177,3 2176,739 2175,759 2173,188 2171,347 2169,475 2167,893 2165,778 2164,495
