Scenarios/Scenario5/topofan.asc
ncols         143
nrows         132
xllcorner     797203,45573964
yllcorner     138849,80658268
cellsize      2,5
NODATA_value  -9999
[rows 0 to 27 of 132, columns 0 to 63 of 143]
-9999 -9999 -9999 -9999 -9999 -9999 -9999 -9999 -9999 -9999 -9999 -9999 -9999 -9999 -9999 -9999 -9999 -9999 -9999 -9999 -9999 -9999 -9999 -9999 -9999 -9999 -9999 -9999 -9999 -9999 -9999 -9999 -9999 -9999 -9999 -9999 -9999 -9999 -9999 -9999 -9999 -9999 -9999 -9999 -9999 -9999 -9999 -9999 -9999 -9999 -9999 -9999 -9999 -9999 -9999 -9999 -9999 -9999 -9999 -9999 -9999 -9999 -9999 -9999
2366,661 2367,26 2366,782 2366,15 2365,117 2363,789 2362,925 2361,853 2360,569 2359,395 2358,219 2357,087 2355,663 2354,666 2353,779 2352,573 2351,052 2349,883 2348,135 2346,913 2345,427 2344,323 2343,008 2341,732 2340,335 2339,245 2337,775 2336,235 2334,995 2333,828 2332,632 2331,28 2330,13 2328,879 2327,588 2326,356 2325,099 2324,063 2322,885 2321,89 2321,022 2320,46 2319,557 2319,184 2318,885 2317,998 2316,598 2315,789 2314,63 2313,601 2312,669 2312,251 2311,111 2310,056 2309,488 2308,155 2307,231 2306,561 2305,97 2305,175 2304,242 2303,8 2303,018 2302,201
2364,285 2364,32 2364,377 2364,501 2363,808 2362,985 2361,923 2360,652 2359,635 2358,646 2357,327 2356,145 2355,095 2353,692 2352,411 2351,377 2350,335 2349,115 2347,46 2345,923 2344,735 2343,394 2342,32 2340,998 2339,698 2338,24 2337,145 2335,865 2334,403 2332,762 2331,998 2330,863 2329,315 2327,99 2326,924 2325,901 2324,583 2323,305 2322,136 2321,328 2320,156 2319,214 2318,615 2317,982 2317,431 2316,834 2316,23 2315,341 2314,388 2313,275 2312,063 2311,387 2310,652 2309,565 2308,643 2307,567 2306,595 2306,185 2305,351 2304,541 2303,466 2302,639 2301,969 2301,147
2362,585 2362,496 2361,838 2362,313 2361,978 2360,95 2360,787 2359,917 2358,939 2357,508 2356,28 2355,238 2354,373 2352,906 2351,732 2350,24 2349,068 2347,907 2346,91 2345,455 2343,825 2342,912 2341,685 2340,356 2338,92 2337,643 2336,819 2335,462 2333,866 2332,449 2331,194 2329,855 2328,63 2327,363 2326,809 2325,387 2323,58 2322,527 2321,397 2320,605 2319,355 2318,54 2317,821 2317,037 2316,215 2315,93 2315,3 2314,409 2313,762 2312,377 2311,282 2311,027 2310,103 2309,232 2308,11 2306,931 2305,971 2305,144 2304,329 2303,742 2303,117 2302,176 2301,155 2300,045
2360,385 2360,181 2359,783 2359,717 2359,456 2359,301 2358,459 2357,604 2357,008 2356,623 2355,066 2354,419 2353,438 2351,948 2350,853 2349,535 2348,741 2346,988 2345,72 2344,697 2343,458 2341,874 2340,998 2339,785 2338,4 2337,129 2335,828 2334,936 2333,434 2332,007 2330,583 2329,375 2328,103 2326,969 2325,597 2324,373 2323,01 2321,901 2320,628 2319,78 2318,83 2317,813 2316,877 2316,01 2315,25 2314,731 2314,002 2313,607 2313,102 2312,05 2310,816 2309,637 2308,975 2308,385 2307,468 2306,234 2305,522 2304,495 2303,631 2302,98 2302,062 2300,823 2300,47 2299,08
2359,051 2358,175 2357,629 2357,574 2357,247 2356,969 2356,434 2355,839 2354,314 2353,635 2352,947 2352,099 2351,447 2350,191 2349,792 2348,269 2347,823 2346,578 2345,363 2343,595 2342,619 2341,587 2340,427 2338,933 2337,535 2336,42 2335,375 2334,01 2332,384 2331,561 2330,174 2328,635 2327,359 2326,405 2324,855 2323,605 2322,345 2320,91 2320,295 2318,895 2318,185 2317,09 2316,152 2315,156 2314,647 2313,629 2312,988 2312,563 2312,157 2311,657 2310,655 2309,573 2308,54 2307,57 2306,576 2305,823 2304,695 2303,996 2303,165 2302,224 2301,009 2300,691 2299,49 2298,351
2357,194 2356,235 2356,087 2355,521 2355,283 2354,683 2354,07 2353,232 2352,905 2351,678 2350,781 2349,815 2349,012 2347,852 2347,58 2346,397 2345,931 2344,924 2344,063 2343,11 2342,047 2340,735 2339,548 2338,42 2337,063 2335,871 2334,677 2333,087 2331,601 2330,439 2328,995 2328,215 2326,965 2325,314 2323,68 2322,8 2321,682 2320,475 2319,422 2317,978 2317,182 2316,213 2315,39 2314,404 2314,197 2312,943 2312,09 2311,652 2310,96 2310,665 2310,26 2309,087 2307,763 2307,037 2305,991 2305,156 2304,046 2303,225 2302,231 2301,314 2300,629 2300,136 2299,282 2298,097
2355,576 2354,47 2353,817 2353,538 2353,051 2352,84 2352,248 2351,49 2350,339 2349,312 2348,741 2347,538 2346,455 2346,406 2344,699 2344,112 2343,366 2342,512 2342,118 2341,798 2340,802 2339,508 2338,59 2337,887 2336,532 2335,139 2334,02 2332,526 2331,155 2329,742 2328,63 2327,832 2326,47 2324,932 2323,62 2322,331 2321,155 2319,946 2318,73 2317,471 2316,632 2315,431 2314,545 2314,011 2313,097 2312,341 2311,61 2310,705 2310,276 2309,718 2309,179 2308,412 2307,21 2305,992 2304,948 2304,381 2303,674 2302,584 2301,728 2300,695 2300,137 2299,23 2298,561 2297,281
2353,86 2353,202 2352,373 2351,978 2351,272 2350,692 2350,36 2348,792 2348,739 2347,07 2346,588 2345,445 2344,415 2343,675 2342,83 2341,792 2341,274 2340,455 2339,127 2338,852 2338,931 2338,01 2337,078 2336,145 2335,837 2334,71 2333,16 2331,84 2330,698 2329,448 2328,045 2326,809 2325,657 2324,594 2323,093 2321,635 2320,907 2319,813 2318,45 2317,084 2315,907 2314,98 2313,932 2313,2 2312,615 2311,698 2311,11 2310,403 2309,52 2308,67 2308,399 2307,58 2306,478 2305,552 2304,41 2303,308 2302,593 2302,225 2301,321 2300,302 2298,867 2297,905 2297,453 2296,365
2352,301 2351,827 2350,863 2350,16 2349,465 2348,74 2348,288 2347,136 2346,36 2344,815 2344,235 2343,64 2342,998 2341,527 2340,548 2339,522 2338,815 2338,511 2337,482 2336,276 2335,526 2334,982 2335,069 2333,907 2333,671 2332,398 2331,569 2330,831 2329,945 2328,388 2327,563 2326,385 2325,222 2323,996 2322,625 2321,402 2320,539 2319,516 2318,126 2316,897 2316,268 2315,135 2313,877 2313,012 2312,433 2311,574 2310,882 2309,821 2308,866 2308,133 2307,194 2306,6 2305,619 2304,325 2303,623 2302,958 2302,184 2301,415 2300,406 2299,514 2298,21 2297,377 2296,462 2295,046
2350,273 2349,935 2349,33 2348,367 2347,52 2347,148 2346,473 2345,58 2344,268 2343,39 2342,652 2341,837 2340,769 2339,56 2338,754 2338,002 2336,692 2335,908 2335,233 2334,502 2333,599 2333,057 2332,38 2331,52 2331,018 2329,867 2330,096 2329,488 2327,882 2327,384 2326,281 2325,102 2324,21 2323,262 2321,962 2320,934 2320,087 2319,288 2318,335 2317,134 2316,235 2315,074 2313,98 2313,097 2312,21 2311,633 2310,76 2309,715 2308,578 2307,668 2306,653 2305,067 2303,892 2302,982 2302,193 2301,199 2300,701 2299,902 2299,215 2298,57 2297,589 2295,82 2294,552 2293,143
2348,29 2348,139 2347,375 2346,857 2346,112 2344,88 2344,395 2343,788 2342,833 2341,597 2340,863 2340,305 2339,458 2338,096 2336,71 2335,844 2334,88 2334,421 2333,433 2332,165 2331,435 2330,706 2330,48 2329,052 2328,475 2328,328 2327,365 2326,492 2325,47 2324,931 2323,724 2323,08 2322,266 2321,503 2321,055 2319,973 2319,08 2318,086 2317,594 2316,93 2315,867 2314,933 2314,138 2313,194 2312,193 2311,17 2310,508 2309,893 2308,21 2307,275 2306,103 2304,599 2302,877 2301,515 2300,498 2299,161 2298,425 2297,787 2297,245 2296,882 2294,923 2293,855 2292,897 2291,473
2345,524 2345,544 2345,742 2344,873 2344 2342,987 2342,653 2341,613 2341,104 2339,893 2339,267 2338,069 2337,393 2336,453 2335,315 2334,081 2332,897 2332,295 2331,56 2330,63 2329,962 2328,835 2327,94 2326,873 2326,425 2326,02 2325,515 2324,164 2323,083 2322,5 2321,97 2321,032 2319,775 2319,09 2318,151 2317,563 2317,647 2316,531 2315,738 2315,235 2314,499 2313,597 2312,782 2311,843 2311,167 2310,365 2309,203 2307,813 2307,377 2306,155 2305,048 2304,02 2301,998 2299,452 2298,595 2297,768 2296,397 2295,513 2294,211 2293,799 2292,887 2291,832 2291,166 2289,563
2344,19 2343,254 2343,292 2342,856 2342,737 2341,743 2340,795 2340,28 2339,268 2338,063 2337,242 2336,262 2335,378 2334,198 2333,39 2332,218 2331,389 2330,2 2329,539 2328,381 2327,711 2326,862 2325,788 2325,165 2324,589 2323,395 2322,599 2321,839 2321,28 2320,433 2319,432 2318,971 2317,894 2317,047 2316,21 2315,3 2314,949 2314,613 2314,073 2312,816 2311,782 2311,196 2310,625 2310,201 2309,035 2308,3 2307,545 2306,117 2305,397 2304,36 2303,185 2301,573 2300,327 2298,72 2297,505 2296,31 2294,725 2293,58 2292,765 2291,589 2291,007 2289,712 2288,813 2287,798
2342,847 2341,565 2341,309 2340,283 2340,384 2340,236 2339,115 2337,952 2337,43 2336,557 2335,438 2334,708 2333,708 2332,627 2331,501 2330,24 2329,472 2328,405 2327,613 2326,792 2325,709 2324,907 2323,887 2323,133 2322,637 2321,421 2320,425 2320,111 2319,239 2318,558 2317,317 2316,617 2315,995 2314,988 2314,265 2313,392 2312,495 2311,92 2310,982 2310,261 2309,037 2308,727 2308,087 2308,045 2307,194 2306,333 2305,107 2304,35 2303,327 2302,558 2301,453 2300,113 2299,225 2297,502 2295,855 2294,587 2293,018 2291,948 2290,667 2289,524 2288,847 2287,873 2287,341 2286,438
2342,848 2340,837 2339,585 2338,381 2338,043 2338,865 2337,541 2336,76 2335,73 2334,66 2333,692 2333,055 2331,78 2330,67 2329,637 2328,877 2327,512 2326,9 2325,59 2325,016 2324,012 2322,968 2322,432 2321,144 2320,28 2319,501 2318,714 2317,805 2317,587 2316,436 2315,563 2314,424 2313,165 2312,761 2311,986 2311,785 2310,791 2310,001 2309,503 2307,81 2307,319 2306,478 2305,818 2305,465 2304,988 2304,458 2302,887 2302,137 2301,194 2299,907 2298,99 2298,567 2297,377 2296,073 2294,68 2292,473 2291,385 2289,962 2289,427 2288,353 2286,843 2286,133 2285,057 2284,238
2341,862 2340,328 2339,127 2337,458 2336,185 2336,177 2335,56 2335,006 2334,386 2333,285 2331,762 2330,78 2330,453 2329,3 2328,129 2326,863 2325,8 2325,071 2324,073 2322,823 2322,198 2321,17 2320,46 2319,722 2318,586 2317,655 2316,704 2315,953 2314,906 2314,686 2313,554 2312,782 2311,679 2310,815 2309,854 2309,576 2308,502 2307,995 2307,384 2306,198 2304,963 2304,302 2303,39 2303,21 2302,18 2301,063 2300,311 2299,663 2298,763 2297,203 2296,423 2295,748 2295,041 2293,415 2292,255 2291,23 2289,877 2288,74 2287,29 2286,323 2285,505 2283,992 2283,42 2282,095
2340,802 2339,645 2338,462 2336,75 2335,502 2334,185 2333,698 2333,643 2332,75 2331,607 2330,614 2329,505 2328,853 2327,363 2326,563 2325,386 2324,123 2323,251 2322,2 2321,411 2320,531 2318,999 2318,396 2317,255 2316,538 2316,062 2315,098 2314,131 2313,172 2312,785 2311,685 2310,949 2310,201 2309,17 2308,07 2307,345 2306,686 2305,649 2305,292 2304,243 2303,001 2302,54 2301,37 2300,603 2299,415 2299,255 2298,209 2297,395 2296,288 2295,198 2294,59 2293,998 2293,132 2292,018 2290,995 2289,945 2288,516 2286,766 2285,275 2284,12 2282,745 2282,052 2281,335 2280,443
2340,013 2338,808 2337,619 2336,573 2335,212 2333,512 2332,105 2331,149 2330,489 2330,574 2329,095 2328,014 2327,231 2326,078 2325,034 2323,422 2322,672 2321,913 2320,395 2319,305 2318,365 2317,442 2316,53 2315,728 2314,877 2314,388 2313,107 2312,585 2311,792 2310,718 2310,1 2309,146 2308,074 2307,465 2306,492 2305,015 2304,695 2303,987 2302,987 2302,115 2300,723 2300,005 2299,643 2298,479 2297,446 2296,692 2295,55 2294,59 2293,877 2293,157 2292,302 2291,922 2290,896 2289,889 2289,35 2288,505 2286,568 2285,026 2283,46 2282,782 2281,367 2279,982 2279,073 2278,133
2338,822 2337,838 2336,853 2335,559 2334,34 2332,975 2331,692 2330,012 2328,63 2328,22 2328,088 2326,985 2325,427 2324,725 2323,325 2322,425 2321,321 2320,262 2319,095 2317,907 2316,688 2315,74 2314,795 2313,927 2313,305 2312,532 2311,488 2310,418 2309,583 2309,132 2308,258 2307,241 2306,393 2305,277 2304,417 2303,511 2302,605 2301,885 2301,13 2300,449 2299,182 2298,462 2297,31 2296,578 2296,065 2294,795 2293,536 2292,67 2291,51 2290,99 2290,527 2289,89 2288,703 2288,048 2287,087 2286,6 2285,27 2283,833 2282,169 2281,153 2279,88 2278,425 2277,473 2276,166
2338,212 2337,09 2335,73 2334,488 2333,392 2332,116 2330,935 2329,383 2328,185 2327,21 2325,885 2325,33 2324,439 2323,045 2321,923 2320,897 2319,557 2318,72 2317,897 2316,674 2315,32 2314,77 2313,262 2312,045 2311,316 2310,177 2309,458 2309,061 2308,158 2306,991 2306,449 2305,717 2304,676 2304,22 2303,212 2301,55 2300,804 2300,038 2299,224 2298,335 2297,515 2296,802 2295,635 2295,188 2294,183 2293,11 2292,005 2291,095 2290,125 2289,343 2288,567 2287,532 2286,6 2285,475 2284,857 2284,15 2283,113 2281,84 2280,61 2279,532 2278,153 2276,718 2275,752 2274,275
2337,034 2335,666 2334,94 2333,623 2332,462 2331,113 2329,985 2328,958 2327,533 2325,948 2324,742 2323,573 2322,866 2321,848 2320,275 2319,09 2318,169 2317,13 2315,998 2315,328 2314,355 2312,518 2311,92 2310,78 2309,515 2308,695 2308,355 2306,389 2305,549 2304,991 2304,674 2303,981 2303,343 2302,639 2301,538 2300,39 2299,225 2298,585 2297,478 2297,18 2295,815 2294,925 2294,08 2293,157 2292,177 2291,368 2290,499 2289,673 2288,792 2287,809 2287,015 2286,005 2284,823 2283,968 2282,838 2282,015 2281,198 2280,343 2279,323 2277,836 2276,61 2275,35 2274,225 2273,016
2335,995 2334,927 2334,055 2332,363 2331,515 2330,483 2329,113 2328,23 2326,62 2325,567 2324,095 2322,538 2321,388 2320,096 2319,522 2317,889 2316,542 2315,64 2314,8 2313,3 2312,103 2311,778 2310,49 2309,032 2307,828 2307,103 2305,892 2304,962 2304,107 2303,056 2302,786 2302,075 2301,018 2300,63 2299,647 2298,63 2297,439 2296,595 2295,488 2295,113 2294,452 2293,33 2292,395 2291,29 2290,643 2289,815 2289,298 2288,795 2287,52 2286,685 2285,805 2285,018 2283,945 2282,61 2281,542 2281,232 2280,192 2279,18 2277,6 2275,85 2274,567 2273,632 2272,685 2271,705
2334,725 2333,804 2332,635 2331,615 2330,646 2329,655 2328,145 2327,087 2325,797 2324,855 2323,402 2322,173 2321,035 2319,42 2317,91 2316,857 2315,64 2314,415 2312,975 2312,127 2311,208 2309,997 2308,718 2307,863 2306,825 2305,643 2304,701 2303,385 2302,278 2301,585 2300,485 2299,805 2299,567 2298,21 2297,501 2296,636 2295,698 2294,7 2293,837 2293,022 2292,195 2291,558 2290,823 2289,998 2289,272 2288,685 2287,68 2286,95 2285,877 2285,13 2284,313 2283,265 2282,346 2281,573 2280,478 2279,738 2278,934 2277,83 2276,338 2275,001 2274,065 2272,405 2271,512 2270,445
2333,979 2332,847 2331,605 2330,563 2329,397 2328,369 2327,36 2326,246 2324,935 2323,657 2322,528 2321,487 2320,277 2318,875 2317,712 2316,401 2314,927 2313,512 2312,123 2311,079 2309,403 2308,42 2307,44 2306,338 2305,24 2304,11 2303,162 2301,989 2300,897 2300,088 2298,805 2298,43 2297,244 2296,042 2295,74 2294,8 2294,232 2293,035 2291,758 2290,958 2290,37 2289,385 2288,82 2288,073 2287,29 2286,528 2286,008 2285,363 2284,587 2283,995 2283,167 2281,893 2281,022 2280,48 2279,36 2278,31 2277,406 2276,375 2274,768 2273,728 2272,32 2271,205 2269,985 2269,012
2332,917 2331,35 2330,627 2329,45 2328,218 2327,478 2326,37 2325,032 2324,06 2323,005 2322,002 2320,619 2319,393 2317,989 2316,798 2315,935 2314,758 2313,32 2311,805 2310,452 2308,92 2307,598 2306,356 2304,925 2303,725 2302,57 2301,74 2300,627 2299,482 2298,302 2297,288 2296,08 2294,752 2293,794 2293,285 2292,558 2291,575 2290,768 2290,01 2289,232 2288,703 2287,722 2287,362 2286,468 2285,715 2285,268 2284,195 2283,377 2282,968 2282,26 2281,313 2280,837 2279,902 2279,005 2278,182 2276,495 2275,246 2274,88 2273,653 2271,71 2270,377 2269,192 2268,353 2267,895
2331,444 2330,045 2329,097 2328,23 2327,37 2326,525 2325,283 2324,063 2323,198 2321,946 2320,89 2319,75 2318,88 2317,555 2316,188 2315,275 2314,07 2312,965 2311,395 2310,245 2308,815 2307,28 2305,452 2304,113 2303,073 2301,55 2300,325 2299,11 2297,87 2296,543 2295,956 2294,302 2293,657 2292,195 2291,455 2290,836 2289,563 2289,177 2287,964 2286,938 2286,21 2285,728 2285,18 2284,355 2283,825 2283,295 2282,738 2281,61 2281,195 2280,922 2279,715 2278,833 2278,17 2277,33 2276,502 2274,895 2274,208 2273,163 2271,7 2270,012 2269,137 2268,13 2267,022 2266,272
2330,499 2328,617 2328,137 2327,345 2326,25 2325,215 2324,338 2323,362 2322,488 2321,163 2320,032 2319,16 2317,92 2316,561 2315,508 2314,443 2313,215 2311,905 2310,833 2309,544 2308,06 2306,593 2305,188 2303,898 2302,275 2300,811 2299,37 2297,845 2296,333 2295,133 2293,855 2292,672 2291,63 2290,837 2289,6 2288,745 2287,973 2287,095 2286,552 2285,177 2284,58 2284,095 2282,972 2282,365 2281,657 2281,355 2280,685 2279,732 2279,59 2278,98 2278,228 2277,425 2276,205 2275,38 2274,3 2273,19 2272,255 2271,36 2270,21 2268,85 2267,857 2266,867 2265,677 2265,325
