Scenarios/Scenario5/topofan.asc
ncols         143
nrows         132
xllcorner     797203,45573964
yllcorner     138849,80658268
cellsize      2,5
NODATA_value  -9999
[rows 28 to 55 of 132, columns 0 to 63 of 143]
2329,84 2328,56 2327,415 2326,38 2325,347 2324,2 2323,205 2322,587 2321,58 2320,274 2319,315 2318,36 2317,093 2315,663 2314,867 2313,655 2312,388 2311,208 2310,029 2308,752 2307,288 2306,29 2304,603 2303,377 2301,692 2300,458 2298,95 2297,327 2296,195 2294,63 2293,272 2291,723 2290,522 2289,272 2288,022 2287,155 2286,19 2285,212 2284,208 2284,022 2283,038 2282,485 2281,778 2280,92 2280,521 2279,353 2278,98 2278,255 2277,587 2277,215 2276,895 2275,683 2274,667 2273,315 2272,042 2271,1 2270,575 2269,5 2268,442 2267,867 2266,427 2265,558 2264,495 2264,052
2328,782 2327,749 2326,43 2325,032 2324,137 2323,274 2322,29 2321,705 2320,897 2319,265 2318,502 2317,036 2315,935 2314,73 2313,67 2312,732 2311,683 2310,597 2309,175 2307,843 2306,84 2305,422 2304,216 2302,73 2301,222 2299,982 2297,935 2296,542 2295,077 2293,77 2292,63 2291,255 2289,981 2288,55 2287,575 2286,205 2284,978 2283,732 2282,989 2281,856 2281,702 2280,4 2280,032 2279,028 2278,095 2277,613 2276,581 2276,224 2275,895 2274,75 2273,845 2272,941 2272,288 2271,645 2270,831 2269,363 2268,75 2267,978 2267,434 2266,095 2265,155 2264 2262,833 2262,063
2327,438 2326,327 2325,212 2324,355 2323,064 2322,25 2321,25 2320,33 2319,762 2318,801 2317,542 2316,032 2314,968 2313,982 2312,873 2311,905 2310,702 2310,028 2308,468 2307,222 2306,212 2304,857 2303,617 2302,585 2301,083 2299,407 2297,53 2296,27 2295,04 2293,107 2291,738 2290,772 2289,588 2288,323 2286,695 2285,502 2284,542 2283,26 2281,86 2280,797 2279,353 2278,74 2277,927 2277,34 2276,095 2275,787 2274,785 2274,135 2273,512 2272,968 2271,853 2271,192 2269,667 2268,692 2268,285 2267,75 2266,901 2265,435 2265,1 2263,927 2263,077 2261,857 2261,04 2260,07
2326,258 2325 2324,347 2323,417 2322,29 2321,145 2319,992 2319,276 2318,557 2317,387 2316,405 2315,169 2313,917 2313,1 2311,964 2310,728 2310,175 2309,314 2307,745 2306,813 2305,694 2304,045 2302,917 2301,83 2300,275 2298,825 2297,375 2296,002 2294,2 2293,002 2291,775 2289,795 2288,741 2287,558 2286,192 2285,095 2283,78 2282,528 2281,095 2279,978 2278,74 2277,79 2276,73 2275,663 2274,433 2273,672 2272,932 2272,252 2271,077 2270,993 2269,833 2269,298 2267,982 2267,282 2266,75 2265,85 2264,502 2263,623 2262,911 2261,61 2261,248 2260,41 2258,998 2258,393
2325,02 2323,826 2322,879 2322,203 2321,087 2319,782 2319,258 2317,999 2317,633 2316,568 2315,208 2314,047 2313,093 2312,087 2311,345 2310,248 2309,188 2308,265 2307,286 2306,163 2305,28 2303,667 2302,462 2301,38 2299,748 2298,24 2296,864 2295,375 2293,758 2292,603 2291,3 2289,944 2288,51 2287,007 2285,425 2284,302 2282,988 2281,807 2280,625 2279,194 2277,975 2276,865 2275,563 2274,436 2273,167 2272,165 2271,29 2270,425 2269,297 2268,563 2268,22 2267,335 2266,113 2265,172 2264,41 2263,924 2262,953 2262,039 2260,785 2260,125 2258,995 2258,092 2256,987 2256,41
2323,258 2322,792 2321,617 2320,498 2320,045 2318,917 2317,884 2317,018 2316,375 2315,433 2314,565 2313,112 2312,302 2311,542 2310,266 2309,143 2308,495 2307,486 2306,208 2305,448 2304,311 2302,77 2301,792 2300,615 2298,94 2297,79 2296,092 2294,875 2293,288 2292,335 2290,847 2289,291 2287,728 2286,487 2285,058 2283,552 2282,297 2280,92 2279,823 2278,698 2277,425 2276,066 2274,943 2273,805 2272,936 2271,605 2270,268 2269,182 2267,898 2266,938 2266,052 2265,36 2264,138 2263,288 2262,486 2261,942 2261,32 2260,328 2259,748 2258,555 2257,407 2256,535 2255,27 2254,39
2321,723 2321,31 2320,534 2319,29 2318,285 2317,504 2316,873 2315,778 2315,174 2314,415 2313,366 2312,485 2311,502 2310,537 2309,552 2308,518 2307,421 2306,738 2305,482 2304,5 2303,651 2302,44 2301,087 2299,255 2297,87 2296,328 2295,235 2293,564 2292,46 2291,248 2290,21 2288,545 2287,105 2286,065 2284,458 2283,205 2281,732 2280,818 2279,079 2278,223 2276,735 2275,558 2274,407 2273,337 2272,282 2270,988 2269,663 2268,593 2267,018 2265,925 2264,59 2263,323 2262,232 2261,23 2260,782 2260,107 2259,238 2258,542 2257,64 2257,177 2255,6 2254,875 2253,93 2252,84
2320,218 2319,712 2319,285 2318,21 2317,292 2316,049 2315,465 2314,587 2313,593 2312,948 2312,327 2311,397 2310,268 2309,505 2308,667 2308,03 2306,587 2305,521 2304,51 2303,593 2302,192 2300,855 2299,88 2298,247 2296,873 2295,635 2294,68 2293,052 2291,833 2290,136 2289,129 2288,123 2286,32 2285,06 2284,013 2282,397 2281,265 2280,244 2278,855 2277,603 2276,52 2275,375 2273,99 2272,847 2271,633 2270,397 2269,13 2267,78 2266,845 2265,29 2263,99 2262,442 2261,4 2259,99 2258,583 2257,82 2257,708 2256,65 2256,014 2254,827 2254,23 2253,24 2252,275 2250,965
2318,53 2318,172 2317,674 2316,965 2315,897 2315,03 2314,302 2313,439 2312,423 2311,52 2310,873 2309,936 2309,039 2308,426 2307,675 2307,085 2305,917 2304,778 2303,688 2302,359 2301,034 2299,424 2298,531 2297,17 2296,027 2294,853 2293,672 2292,412 2291,086 2289,917 2288,11 2286,877 2285,724 2284,361 2283,093 2281,637 2280,813 2279,655 2278,297 2277,09 2276,107 2274,92 2273,595 2272,154 2271,107 2270,095 2268,59 2267,333 2266,115 2264,618 2263,785 2262,093 2260,71 2259,708 2258,465 2256,827 2255,584 2254,915 2254,217 2253,24 2252,44 2251,255 2250,438 2249,18
2316,837 2316,6 2316,315 2315,453 2314,82 2313,888 2313,069 2312,295 2311,32 2310,377 2309,74 2308,915 2307,882 2307,228 2306,512 2305,629 2304,876 2303,955 2302,853 2301,525 2300,04 2298,845 2298,03 2296,617 2295,298 2294,303 2292,44 2291,241 2290,185 2289,143 2287,455 2286,228 2285,075 2283,915 2282,621 2281,337 2280,34 2278,685 2277,698 2276,637 2275,495 2274,272 2273,224 2272,018 2270,9 2269,845 2268,263 2266,76 2265,633 2264,335 2262,982 2261,584 2260,655 2259,073 2257,873 2256,593 2255,048 2253,874 2252,52 2251,601 2250,393 2250,1 2248,587 2247,552
2315,47 2314,833 2314,802 2314,073 2313,138 2312,782 2311,853 2311,196 2310,363 2309,415 2308,496 2307,592 2307,052 2306,26 2305,22 2304,48 2303,633 2302,9 2302,09 2300,538 2299,24 2298,028 2296,705 2295,441 2294,445 2293,198 2291,868 2290,853 2289,35 2288,281 2287,03 2285,551 2284,377 2283,103 2281,965 2280,788 2279,433 2278,354 2277,143 2276,047 2275,129 2273,899 2272,765 2271,413 2270,277 2268,797 2267,57 2266,651 2265,15 2263,907 2262,496 2260,923 2259,715 2258,705 2257,327 2256,06 2254,99 2253,715 2252,345 2250,69 2249,32 2248,261 2247,195 2246,22
2313,768 2313,205 2313,137 2312,748 2311,679 2311,147 2310,569 2309,69 2308,99 2308,23 2307,17 2306,538 2305,946 2305,071 2304,022 2303,212 2302,613 2301,993 2301,093 2299,953 2298,518 2296,978 2296,009 2294,583 2293,516 2292,391 2290,925 2289,61 2288,498 2287,489 2286,27 2284,877 2283,797 2282,458 2281,138 2280,18 2278,802 2278,008 2276,692 2275,531 2274,329 2273,172 2271,978 2270,915 2269,675 2268,313 2267,022 2265,895 2264,552 2263,31 2261,88 2260,403 2259,347 2258,115 2257,01 2255,62 2254,15 2253,005 2251,692 2250,455 2248,758 2247,605 2246,48 2245,52
2312,395 2311,643 2311,502 2311,08 2310,161 2309,45 2309,1 2308,637 2307,691 2306,734 2305,985 2304,905 2304,29 2303,393 2302,745 2302,123 2301,545 2300,884 2299,836 2298,983 2297,906 2296,238 2295,137 2294,097 2292,938 2291,985 2290,317 2289,235 2287,96 2286,395 2285,377 2284,07 2283,104 2281,741 2280,715 2279,458 2278,42 2277,222 2276,075 2275,241 2274,107 2272,58 2271,334 2270,338 2268,985 2267,97 2266,24 2265,018 2263,877 2262,74 2261,196 2259,883 2258,8 2257,383 2256,039 2254,935 2253,513 2252,522 2251,075 2250,055 2248,56 2247,295 2245,88 2244,779
2310,433 2309,848 2309,944 2309,605 2308,478 2307,815 2307,555 2307,15 2306,28 2305,515 2305,297 2303,893 2303,44 2302,151 2301,61 2301,042 2300,166 2299,185 2298,461 2298,32 2297,13 2295,054 2294,183 2293,107 2292,229 2291,083 2289,853 2288,635 2287,244 2285,988 2284,79 2283,72 2282,555 2281,249 2279,988 2278,99 2277,74 2276,527 2275,465 2274,202 2273,215 2271,824 2270,817 2269,61 2268,421 2267,212 2265,959 2264,74 2263,2 2262,215 2260,728 2259,407 2258,222 2257,16 2255,512 2254,333 2253,078 2251,3 2250,64 2249,19 2248,095 2246,635 2245,468 2244,472
2309,455 2308,585 2307,81 2307,098 2306,755 2306,14 2305,797 2305,439 2305,198 2304,512 2303,897 2302,577 2301,897 2301,045 2300,482 2300,02 2298,637 2297,905 2297,865 2297,635 2295,824 2294,387 2293,083 2292,075 2291,073 2290,038 2288,922 2288,084 2286,772 2285,425 2283,925 2282,635 2281,624 2280,635 2279,498 2278,528 2277,248 2275,779 2274,58 2273,532 2272,573 2271,21 2270,2 2268,93 2267,763 2266,482 2265,417 2264,18 2263,125 2261,665 2260,218 2259,117 2257,787 2256,205 2254,756 2253,48 2252,445 2250,995 2249,57 2248,501 2247,204 2246,41 2245,323 2244,222
2308,66 2307,232 2306,538 2305,828 2305,297 2304,46 2304,132 2303,665 2303,868 2303,105 2302,627 2301,41 2300,6 2299,875 2299,308 2298,394 2297,75 2297,214 2296,556 2296,321 2294,988 2293,474 2292,147 2291,258 2290,277 2288,944 2287,998 2287,302 2285,647 2284,395 2283,458 2282,43 2281,105 2280,025 2278,683 2277,84 2276,487 2275,091 2274,243 2272,745 2271,98 2270,579 2269,369 2268,252 2267,55 2265,988 2264,759 2263,645 2262,478 2260,867 2259,62 2258,275 2257,112 2255,882 2254,495 2252,901 2251,86 2250,652 2249,205 2247,995 2246,665 2245,714 2244,847 2243,895
2307,597 2306,465 2305,328 2304,633 2303,922 2303,087 2302,58 2302,48 2302,395 2302,1 2301,305 2300,663 2299,495 2298,83 2298,227 2297,077 2296,876 2296,13 2295,603 2295,002 2294,223 2292,735 2291,52 2290,535 2289,341 2288,34 2286,986 2285,994 2284,838 2283,717 2282,792 2281,715 2280,458 2279,245 2278,285 2277,118 2275,802 2274,575 2273,348 2272,12 2271,405 2270,05 2268,843 2267,795 2266,425 2265,135 2264,12 2262,813 2261,677 2260,65 2258,864 2257,752 2256,525 2255,03 2254,188 2252,677 2251,708 2249,89 2248,595 2247,245 2245,987 2244,93 2244,353 2243,725
2306,265 2305,25 2304,14 2303,3 2302,485 2301,88 2301,208 2301,258 2300,635 2300,752 2300,188 2299,413 2298,635 2297,463 2296,765 2296,144 2295,684 2295,519 2294,934 2294,17 2293,468 2292,425 2290,84 2289,825 2288,526 2287,357 2286,617 2285,52 2284,421 2282,958 2282,193 2280,565 2279,498 2278,31 2277,198 2275,865 2274,727 2273,63 2272,795 2271,368 2270,434 2269,52 2268,448 2267,095 2265,897 2264,913 2263,412 2262,435 2261,065 2259,887 2258,905 2257,013 2255,853 2254,745 2253,383 2251,963 2250,268 2249,455 2248,163 2246,623 2245,455 2244,405 2243,317 2242,618
2305,215 2304,07 2303,49 2302,245 2301,425 2300,72 2299,993 2299,948 2299,4 2299,22 2298,867 2297,357 2297,315 2296,512 2295,778 2295,085 2294,603 2294,256 2293,761 2293,051 2292,59 2291,52 2290,508 2289,198 2287,877 2286,975 2285,442 2284,445 2283,542 2282,59 2281,185 2279,87 2278,5 2277,568 2276,17 2275,001 2273,849 2272,855 2271,921 2270,962 2269,907 2268,64 2267,833 2266,673 2265,673 2263,98 2262,948 2261,518 2260,186 2259,183 2257,728 2256,528 2255,265 2254,063 2252,718 2251,25 2249,708 2248,722 2247,542 2246,26 2245,237 2243,863 2242,68 2241,69
2303,788 2303,318 2302,143 2301,135 2299,915 2299,222 2298,54 2298,558 2298,317 2297,998 2297,65 2296,43 2295,905 2295,066 2294,853 2293,701 2293,367 2293,139 2292,562 2291,813 2291,251 2290,456 2289,683 2288,815 2287,177 2286,302 2284,766 2283,659 2282,549 2281,88 2280,788 2279,117 2277,988 2276,893 2275,427 2274,526 2273,43 2272,23 2271,021 2270,425 2269,36 2268,209 2266,71 2265,968 2264,965 2263,328 2262,425 2261,009 2260,153 2258,482 2257,157 2255,975 2254,782 2253,442 2252,28 2250,902 2249,485 2248,323 2247,33 2246,152 2245,105 2243,705 2242,442 2241,458
2302,323 2301,86 2301,073 2299,982 2299,195 2298,137 2297,142 2296,895 2296,755 2296,598 2296,583 2295,3 2294,458 2293,454 2292,876 2292,343 2292,245 2291,961 2291,799 2291,25 2290,35 2289,58 2288,785 2287,998 2286,945 2285,143 2284,495 2282,935 2282,185 2281,055 2280,113 2278,488 2277,074 2276,245 2275,032 2273,555 2272,494 2271,44 2270,318 2269,304 2268,435 2267,156 2265,883 2265,478 2264,347 2262,975 2261,765 2260,43 2259,226 2257,833 2256,703 2255,325 2254,112 2253,087 2251,765 2250,595 2249,42 2248,195 2247,22 2246,03 2244,62 2243,66 2242,397 2241,21
2301,376 2300,265 2299,76 2299,1 2298,305 2297,397 2295,775 2295,268 2295,468 2295,232 2294,469 2293,089 2292,12 2291,804 2291,781 2291,458 2291,21 2290,991 2290,347 2289,912 2289,528 2288,855 2288,025 2287,458 2285,895 2284,655 2283,269 2282,045 2281,113 2280,164 2279,02 2277,522 2276,135 2275,234 2273,783 2272,795 2271,508 2270,598 2269,895 2268,57 2267,44 2266,455 2265,132 2264,2 2263,38 2262,14 2261,175 2259,998 2258,667 2257,188 2256,083 2255,16 2253,87 2252,438 2251,405 2250,27 2249,223 2247,893 2246,833 2245,61 2244,507 2243,302 2242,234 2240,897
2300,53 2299,26 2298,621 2298,107 2297,045 2295,85 2295,205 2293,927 2293,617 2293,151 2292,654 2291,773 2290,951 2290,403 2290,268 2289,96 2289,784 2289,797 2290,005 2289,228 2288,765 2288,027 2287,272 2286,615 2285,265 2283,932 2282,587 2281,176 2280,185 2279,09 2278,235 2276,95 2275,325 2274,295 2272,987 2272,213 2270,863 2270,192 2268,97 2268,2 2266,743 2266,022 2264,723 2263,46 2262,339 2261,468 2260,504 2259,55 2258,425 2256,998 2255,48 2254,073 2253,24 2252,157 2250,942 2249,44 2248,59 2247,365 2246,337 2245,294 2244,13 2242,742 2241,683 2240,702
2299,545 2298,58 2297,535 2296,55 2295,818 2294,802 2293,341 2292,81 2291,683 2291,897 2291,307 2290,337 2290,08 2289,262 2288,542 2288,377 2288,288 2288,316 2288,391 2288,02 2287,175 2287,065 2286,15 2285,527 2284,407 2283,192 2281,77 2280,805 2279,688 2278,555 2277,259 2276,522 2274,665 2273,391 2272,133 2271,335 2270,155 2269,147 2268,44 2267,125 2266,065 2265,165 2264,175 2262,64 2261,47 2260,623 2259,817 2258,551 2257,76 2256,399 2254,96 2253,845 2252,815 2251,76 2250,627 2249,393 2247,84 2246,925 2245,868 2244,66 2243,625 2242,268 2241,448 2240,198
2299,475 2298,317 2296,627 2295,735 2294,393 2293,575 2292,798 2291,53 2290,445 2290,176 2289,876 2289,281 2288,429 2288,015 2287,027 2286,835 2286,925 2286,759 2286,887 2286,542 2286,083 2285,323 2284,589 2284,422 2283,475 2282,725 2281,47 2280,125 2278,817 2277,855 2276,371 2275,607 2273,953 2272,672 2271,768 2270,55 2269,665 2268,545 2267,192 2266,364 2265,303 2264,35 2263,215 2261,751 2260,748 2259,676 2258,845 2257,745 2257,139 2255,605 2254,869 2253,637 2252,465 2251,239 2249,546 2248,895 2247,73 2246,507 2245,36 2244,375 2243,132 2241,897 2240,927 2239,84
2299,03 2297,826 2296,2 2294,998 2293,978 2292,998 2291,667 2290,542 2289,525 2288,729 2288,231 2287,468 2287,073 2286,846 2286,068 2285,85 2285,371 2285,268 2285,06 2285,086 2284,46 2284,085 2283,439 2283,291 2282,813 2282,172 2280,466 2279,462 2278,005 2277,232 2276,038 2274,88 2273,24 2271,94 2270,83 2269,905 2268,813 2267,735 2266,62 2265,663 2264,22 2263,343 2262,129 2261,34 2259,798 2258,698 2258,215 2257,165 2256,537 2255,52 2254,163 2253,18 2251,998 2250,692 2249,236 2248,16 2246,976 2246,313 2244,9 2243,782 2242,405 2241,194 2240,084 2239,08
2297,863 2296,87 2295,33 2294,383 2293,308 2292,01 2290,833 2289,939 2288,533 2287,805 2286,708 2286,15 2285,654 2285,218 2284,688 2283,94 2283,821 2284,123 2283,911 2283,725 2283,422 2282,774 2282,224 2281,843 2281,145 2280,828 2279,68 2278,468 2277,399 2275,833 2275,167 2273,992 2272,565 2271,633 2270,04 2269,138 2268,1 2267,063 2265,992 2264,927 2263,738 2262,357 2261,395 2260,282 2258,843 2257,895 2257,008 2256,47 2255,3 2254,66 2253,59 2252,48 2251,41 2250,317 2249,018 2247,637 2246,565 2244,89 2243,735 2242,883 2241,89 2240,91 2239,725 2238,682
2297,032 2295,755 2294,655 2293,426 2292,241 2291,17 2289,8 2288,86 2287,883 2286,404 2285,556 2285,031 2284,23 2283,96 2283,349 2282,389 2282,353 2282,591 2282,454 2282,198 2282,045 2281,88 2281,412 2280,421 2279,824 2279,394 2278,221 2277,555 2276,385 2274,947 2274,098 2273,132 2271,558 2270,462 2269,607 2268,502 2267,607 2266,427 2265,337 2264,28 2262,56 2261,808 2260,41 2259,551 2258,613 2257,423 2256,677 2255,635 2254,465 2253,762 2252,808 2251,833 2250,788 2249,717 2248,315 2247,135 2245,845 2244,61 2243,146 2242,755 2241,828 2240,335 2239,022 2238,126
