Scenarios/Scenario3/topofan.asc
ncols         295
nrows         390
xllcorner     680688,54565324
yllcorner     176285,23937944
cellsize      2,5
NODATA_value  -9999
[rows 252 to 279 of 390, columns 128 to 191 of 295]
1790,17 1788,773 1789,145 1789,84 1790,353 1790,271 1788,01 1785,868 1783,57 1781,882 1779,688 1776,233 1773,52 1772,06 1771,9 1771,86 1771,415 1771,343 1773,6 1776,028 1777,613 1779,045 1780,615 1782,108 1783,87 1784,623 1784,759 1784,18 1783,755 1782,568 1781,254 1781,06 1781,22 1780,994 1780,757 1779,965 1778,973 1777,912 1777,27 1776,868 1775,945 1775,063 1774,443 1773,385 1772,33 1771,742 1770,545 1769,655 1768,547 1767,375 1766,55 1765,722 1765,005 1763,593 1762,363 1761,472 1760,377 1759,28 1758,07 1757,195 1756,393 1755,16 1754,179 1753,228
1793,12 1793,035 1791,713 1791,41 1791,617 1790,518 1788,305 1786,343 1784,167 1781,938 1778,958 1775,885 1773,715 1772,725 1772,807 1772,744 1772,588 1773,285 1775,713 1777,645 1779,67 1780,922 1782,275 1783,7 1785,17 1785,897 1785,68 1785,127 1784,135 1782,55 1781,877 1782,482 1782,682 1782,155 1781,475 1780,605 1779,792 1778,665 1778,175 1777,275 1776,563 1775,84 1775,085 1773,932 1773,25 1772,367 1771,123 1769,927 1769,075 1768,117 1767,13 1766,198 1764,907 1763,682 1762,623 1761,682 1760,805 1759,785 1758,672 1757,594 1756,485 1755,617 1754,738 1753,802
1796,78 1796,095 1794,615 1794,425 1792,655 1791,491 1789,06 1786,825 1783,313 1780,505 1777,85 1776,313 1773,998 1773,805 1773,589 1773,61 1774,299 1775,905 1777,772 1780,315 1781,08 1782,307 1783,833 1785,53 1786,895 1787,083 1786,657 1785,695 1783,883 1783,095 1783,302 1784,02 1783,769 1782,932 1782,313 1781,32 1780,305 1779,578 1778,807 1778,21 1777,357 1776,67 1775,86 1774,77 1773,655 1772,575 1771,833 1770,785 1769,578 1768,432 1767,445 1766,14 1765,177 1764,135 1762,97 1762,07 1761,265 1759,953 1759,015 1757,83 1756,745 1755,892 1755,115 1754,37
1798,761 1798,078 1797,215 1795,777 1794,271 1792,54 1789,742 1786,82 1783,608 1780,795 1778,24 1776,11 1774,674 1774,353 1774,734 1774,34 1776,379 1778,455 1780,753 1781,292 1782,22 1783,777 1785,49 1787,43 1788,34 1788,007 1787,545 1785,607 1784,563 1784,633 1784,765 1785,123 1784,157 1783,656 1783,027 1781,767 1781,333 1780,45 1779,69 1778,78 1778,098 1777,407 1776,302 1775,122 1774,025 1773,093 1772,215 1771,105 1770,14 1768,93 1767,593 1766,49 1765,123 1764,307 1763,405 1762,443 1761,34 1760,03 1759,07 1758,198 1757,41 1756,7 1755,637 1755,125
1800,79 1800,213 1799,535 1798,101 1796,537 1793,495 1791,574 1787,309 1784,685 1781,73 1778,728 1776,355 1775,507 1775,677 1775,57 1775,857 1777,742 1779,935 1781,863 1782,897 1783,87 1785,532 1787,412 1789,102 1789,223 1789,113 1788,025 1786,2 1785,655 1785,931 1785,83 1785,676 1784,885 1784,485 1783,607 1782,73 1782,074 1781,378 1780,598 1779,552 1778,738 1777,865 1776,657 1775,79 1774,782 1773,722 1772,72 1771,65 1770,25 1768,828 1767,593 1766,69 1765,88 1764,873 1763,695 1762,387 1761,545 1760,497 1759,612 1758,632 1758,05 1757,165 1756,528 1755,878
1802,81 1802,009 1801,3 1800,155 1798,322 1795,802 1791,75 1788,22 1784,953 1781,828 1778,867 1777,333 1776,708 1776,755 1776,745 1776,415 1778,938 1781,547 1783,335 1784,483 1785,76 1787,055 1789,005 1790,61 1790,488 1789,568 1788,248 1787,032 1786,97 1786,955 1786,713 1786,432 1785,927 1785,147 1784,258 1783,522 1782,84 1782,203 1781,44 1780,468 1779,393 1778,425 1777,425 1776,345 1775,13 1774,055 1772,833 1771,53 1770,598 1769,36 1768,377 1767,23 1766,23 1765,27 1763,825 1762,853 1761,833 1760,905 1760,145 1759,302 1758,637 1758,218 1757,34 1756,81
1804,626 1803,397 1802,71 1801,46 1798,883 1795,895 1792,732 1789,521 1785,162 1783,299 1780,007 1778,208 1777,755 1777,627 1777,26 1778,031 1780,323 1783,188 1784,797 1785,782 1786,93 1788,645 1790,815 1791,956 1791,682 1790,963 1789,338 1788,103 1788,613 1788,242 1787,82 1787,585 1786,78 1785,963 1785,337 1784,676 1783,988 1782,922 1782,078 1781,075 1779,978 1778,975 1777,93 1776,62 1775,23 1774,28 1773,175 1772,23 1771,434 1770,06 1769,068 1767,605 1766,66 1765,55 1764,252 1763,327 1762,39 1761,29 1760,725 1760,232 1759,682 1758,867 1758,507 1757,835
1806,089 1805,258 1804,24 1803,047 1800,671 1796,688 1794,07 1791,238 1787,105 1784,116 1781,492 1778,734 1778,657 1778,672 1778,688 1779,34 1781,387 1783,571 1785,813 1786,782 1788,463 1790,368 1792,544 1793,265 1792,454 1791,583 1789,695 1789,448 1789,657 1789,368 1788,993 1788,203 1787,578 1786,965 1786,14 1785,543 1784,765 1783,807 1782,557 1781,42 1780,623 1779,448 1778,245 1777,147 1776,075 1775,107 1774,155 1772,932 1771,623 1770,355 1769,348 1768,245 1767,057 1766,113 1764,95 1763,813 1763,045 1762,31 1761,915 1761,176 1760,47 1760,16 1759,535 1758,705
1808,137 1806,675 1805,488 1804,748 1802,77 1799,552 1795,099 1791,43 1788,36 1786,103 1782,715 1780,599 1780,205 1779,64 1779,905 1780,477 1782,157 1784,25 1786,068 1788,075 1790,295 1792,425 1794,338 1794,125 1793,256 1791,549 1790,566 1790,412 1790,59 1790,047 1789,795 1789,09 1788,565 1787,927 1787,092 1786,328 1785,132 1784,4 1782,943 1781,858 1780,663 1779,809 1778,83 1777,88 1776,718 1775,54 1774,522 1773,305 1772,103 1771,107 1770,057 1768,938 1767,84 1766,593 1765,532 1764,7 1764,11 1763,723 1762,897 1762,015 1761,723 1761,095 1760,865 1760,208
1809,883 1808,165 1807,26 1805,619 1804,198 1800,763 1797,167 1793,818 1790,51 1787,761 1785,603 1783,845 1782,172 1780,762 1780,922 1781,355 1783,58 1785,235 1787,188 1789,307 1791,535 1793,797 1795,34 1795,333 1794,37 1793,108 1791,677 1791,275 1791,338 1791,27 1790,77 1789,907 1789,233 1788,938 1788,139 1786,635 1785,763 1784,943 1783,64 1782,055 1781,44 1780,515 1779,165 1778,248 1776,985 1775,955 1774,965 1774,035 1773,065 1771,935 1771,153 1770,152 1768,985 1767,415 1766,363 1765,828 1765,24 1764,35 1763,795 1763,65 1762,738 1762,537 1761,76 1761,493
1811,057 1809,454 1808,098 1806,38 1804,905 1801,772 1798,787 1795,936 1791,794 1787,3 1786,093 1784,745 1783,345 1781,805 1782,103 1782,973 1784,725 1786,275 1787,828 1790,103 1792,85 1795,417 1796,958 1796,372 1795,105 1793,644 1792,478 1792,62 1792,882 1792,568 1791,853 1791,042 1790,16 1789,495 1788,323 1787,177 1786,228 1785,278 1784,328 1783,035 1782,113 1780,787 1779,643 1778,422 1777,45 1776,44 1775,568 1774,593 1774,083 1773,268 1772,253 1771,09 1769,72 1768,55 1767,412 1767,025 1766,272 1765,232 1765,468 1764,77 1764,107 1764,058 1763,26 1762,732
1812,042 1810,485 1808,72 1807,474 1805,79 1803,378 1800,075 1798,245 1793,482 1788,143 1786,002 1784,99 1783,897 1782,858 1783,22 1784,633 1786,184 1789,038 1790,815 1792,545 1794,802 1797,2 1797,657 1796,953 1795,491 1794,218 1793,82 1794,17 1794,42 1793,64 1792,785 1792,142 1790,95 1789,743 1788,959 1788,128 1787,05 1785,807 1784,473 1783,64 1782,422 1781,208 1780,258 1779,272 1778,093 1777,522 1776,307 1775,743 1775,245 1774,335 1773,365 1772,353 1770,745 1769,422 1768,69 1768,21 1767,177 1766,738 1766,58 1765,703 1765,83 1765,175 1764,79 1764,142
1813,245 1811,085 1809,88 1808,321 1806,598 1804,098 1801,27 1798,875 1795,802 1790,02 1786,58 1785,272 1784,611 1783,948 1784,989 1786,793 1788,529 1791,374 1792,705 1795,008 1797,117 1798,641 1798,632 1797,409 1796,099 1795,29 1795,397 1796,01 1795,162 1794,37 1793,772 1792,515 1791,485 1790,705 1790,05 1788,76 1787,64 1786,208 1785,045 1783,883 1782,87 1781,98 1781,018 1779,982 1779,068 1778,583 1777,752 1777,24 1777,117 1776,065 1775,055 1773,732 1772,228 1770,945 1770,145 1769,375 1768,395 1768,078 1767,565 1767,237 1766,89 1766,611 1766,632 1766,155
1814,206 1812,824 1810,468 1808,415 1805,731 1803,575 1801,005 1799,097 1795,765 1789,912 1787,445 1785,927 1785,51 1785,645 1787,2 1789,443 1792,155 1793,512 1794,75 1796,904 1798,492 1800,257 1798,992 1797,775 1796,861 1796,4 1796,938 1796,65 1795,995 1795,103 1794,037 1793,142 1792,81 1791,956 1790,8 1789,31 1788,195 1786,56 1785,458 1784,583 1783,89 1782,708 1782,365 1781,135 1780,345 1780,05 1779,505 1779,057 1778,688 1777,354 1776,523 1775,08 1773,355 1772,328 1771,688 1770,328 1769,5 1769,167 1769,383 1768,885 1768,833 1768,43 1768,83 1767,68
1814,519 1812,026 1809,715 1807,48 1805,172 1803,363 1800,14 1798,351 1796,16 1793,564 1789,438 1786,73 1786,662 1786,99 1789,675 1792,535 1793,88 1794,997 1796,432 1798,378 1800,242 1800,458 1799,195 1798,341 1798,335 1798,045 1798,103 1797,777 1796,78 1795,92 1795,275 1794,527 1793,89 1792,798 1791,027 1789,73 1788,583 1787,343 1786,555 1785,734 1784,665 1784,24 1783,42 1782,507 1781,902 1781,58 1780,955 1780,735 1780,167 1778,992 1777,712 1776,07 1774,552 1773,2 1772,535 1771,89 1771,11 1771,057 1770,613 1770,295 1770,127 1770,463 1770,305 1769,42
1813,522 1811,326 1809,56 1807,417 1804,645 1802,313 1799,647 1797,022 1794,66 1792,593 1789,89 1788,11 1787,98 1788,97 1791,897 1794,63 1795,275 1796,58 1798,377 1800,085 1801,3 1800,508 1799,713 1799,732 1799,835 1799,71 1799,38 1798,745 1797,76 1797,16 1796,772 1795,69 1794,593 1793,246 1791,615 1790,6 1789,455 1788,257 1787,892 1787,508 1786,752 1786,12 1785,305 1784,58 1783,776 1782,515 1782,443 1781,982 1781,58 1781,014 1779,105 1777,818 1775,743 1774,175 1773,89 1773,823 1772,493 1772,54 1772,27 1771,71 1771,77 1772,34 1771,695 1771,33
1813,685 1811,378 1808,315 1805,143 1803,145 1800,525 1797,968 1795,022 1793,145 1791,005 1789,33 1788,493 1788,87 1791,318 1794,01 1795,988 1796,745 1798,13 1800,008 1801,941 1802,005 1801,17 1801,15 1801,476 1801,715 1801,045 1800,43 1799,512 1799,004 1798,895 1798,517 1797,436 1795,765 1794,51 1793,537 1792,236 1791,055 1790,688 1789,86 1789,285 1788,917 1787,965 1786,858 1786,18 1785,63 1784,825 1784,373 1783,895 1782,85 1782,213 1781,245 1779,97 1778,385 1776,773 1776,989 1777,63 1775,14 1774,15 1773,474 1773,147 1773,272 1773,752 1773,585 1773,095
1813,205 1810,495 1806,824 1804,01 1801,522 1799,115 1796,988 1794,701 1792,37 1791,06 1790,003 1790,438 1792,11 1793,813 1795,733 1797,427 1798,21 1799,772 1801,375 1802,758 1802,787 1802,94 1803,105 1803,326 1802,762 1802,012 1801,368 1800,588 1800,35 1800,508 1801,235 1799,679 1798,44 1797,017 1795,608 1794,583 1793,494 1792,432 1792,172 1791,585 1790,405 1789,702 1788,887 1787,814 1787,99 1787,005 1785,96 1785,051 1784,438 1783,655 1782,52 1781,565 1780,742 1779,114 1778,708 1778,945 1777,619 1776,19 1774,975 1775,032 1774,845 1775,385 1774,788 1774,145
1812,733 1808,875 1805,938 1802,938 1801,33 1799,46 1797,042 1794,425 1793,051 1792,198 1793,13 1792,615 1794,623 1796,117 1798,252 1798,547 1799,627 1801,208 1802,593 1803,693 1804,31 1804,117 1804,097 1803,978 1803,413 1802,935 1802,502 1802,145 1802,397 1803,015 1803,628 1801,78 1800,048 1798,537 1798,036 1797,181 1796,135 1794,848 1794,285 1793,488 1792,265 1791,328 1790,884 1790,415 1790,011 1789,064 1787,755 1786,685 1785,61 1785,167 1784,19 1782,652 1781,735 1780,055 1779,973 1780,188 1778,703 1777,653 1777,275 1776,488 1776,843 1777,043 1776,488 1775,613
1812,222 1809,157 1806,527 1803,26 1800,975 1798,795 1796,468 1795,205 1793,983 1794,623 1795,872 1796,103 1796,629 1798,529 1799,819 1799,795 1801,215 1802,825 1804,738 1805,655 1806,147 1806,57 1805,451 1804,494 1803,958 1803,813 1803,94 1804,505 1804,675 1804,657 1804,52 1803,354 1801,823 1800,35 1799,842 1799,147 1797,648 1797,166 1796,2 1795,205 1794,807 1793,762 1792,772 1792,63 1791,925 1790,709 1789,525 1788,125 1786,686 1785,996 1785,167 1783,588 1782,232 1781,583 1781,797 1780,94 1779,675 1779,444 1778,995 1778,445 1778,688 1778,591 1777,647 1776,235
1812,128 1809,547 1806,792 1803,23 1800,958 1798,295 1796,86 1796,075 1795,831 1797,225 1799,02 1798,95 1800,4 1800,8 1801,017 1801,565 1803,005 1804,675 1806,453 1807,483 1807,575 1807,446 1806,525 1805,627 1805,11 1805,665 1805,77 1806,745 1807,2 1806,228 1805,838 1804,932 1803,55 1802,505 1801,932 1800,764 1800 1799,557 1798,527 1797,447 1796,85 1795,628 1795,128 1794,58 1793,49 1793,205 1791,449 1789,282 1788,103 1786,931 1785,859 1784,942 1784,177 1783,895 1783,879 1783,878 1782,787 1782,455 1780,823 1780,458 1780,803 1781,218 1779,22 1777,77
1813,47 1809,642 1806,83 1803,525 1800,494 1798,748 1797,817 1796,938 1797,602 1799,125 1801,162 1801,675 1802,41 1802,595 1802,485 1803,17 1804,97 1806,462 1808,187 1808,915 1808,787 1808,045 1807,725 1807,115 1806,922 1807,277 1807,625 1808,469 1809,008 1807,96 1807,323 1806,666 1805,595 1804,758 1803,563 1803,545 1803,247 1802,675 1801,57 1800,22 1799,406 1797,912 1797,652 1796,486 1795,67 1794,66 1792,94 1791,208 1789,125 1788,28 1787,222 1786,705 1785,703 1786,09 1786,034 1785,652 1785,272 1784,16 1783,82 1783,448 1784,4 1783,14 1781,416 1779,818
1813,569 1809,803 1806,43 1803,594 1801,426 1799,265 1798,432 1798,405 1798,512 1800,5 1802,785 1803,285 1803,565 1804 1804,475 1804,837 1805,892 1807,647 1809,068 1810,302 1810,075 1809,405 1809,02 1808,58 1808,735 1808,422 1808,975 1809,983 1810,162 1809,522 1808,498 1808,445 1807,935 1806,31 1806,573 1806,373 1806,416 1805,21 1804,508 1802,207 1801,015 1800,21 1799,464 1798,657 1797,269 1796,248 1794,522 1792,504 1790,088 1789,035 1788,395 1788,154 1788,085 1787,917 1788,147 1787,66 1786,715 1786,279 1785,633 1785,96 1786,246 1785,387 1783,278 1781,88
1812,448 1809,688 1806,94 1803,37 1800,897 1799,995 1799,373 1799,958 1800,51 1802,285 1804,253 1804,7 1805,029 1805,815 1806,385 1807,142 1807,955 1808,955 1810,663 1811,648 1810,755 1810,575 1810,142 1809,948 1809,885 1809,787 1810,704 1811,397 1812,025 1811,446 1810,793 1811,078 1810,497 1809,741 1810,018 1810,905 1809,566 1809,498 1808,047 1805,305 1803,853 1802,605 1801,948 1801,103 1799,446 1797,568 1795,603 1793,623 1791,142 1789,69 1789,265 1789,343 1789,512 1789,26 1789,188 1788,593 1788,075 1788,061 1787,718 1787,849 1787,935 1787,063 1785,51 1784,08
1812,618 1809,44 1805,607 1802,56 1801,647 1801,2 1801,297 1801,205 1801,802 1803,667 1806,175 1806,292 1806,873 1807,715 1808,49 1809,268 1809,652 1810,922 1812,389 1812,36 1812,1 1811,797 1811,287 1810,995 1810,983 1811,34 1812,656 1813,87 1813,935 1814,193 1813,162 1813,188 1812,396 1813,029 1813,345 1812,888 1813,517 1813,821 1811,118 1807,982 1806,458 1805,27 1804,363 1802,44 1800,974 1798,637 1796,848 1794,471 1792,205 1791,03 1790,613 1790,561 1790,748 1790,585 1790,77 1789,955 1789,79 1789,002 1789,04 1788,94 1789,002 1788,485 1786,98 1786,738
1811,195 1808,275 1805,59 1802,39 1802,507 1802,427 1802,468 1802,902 1803,655 1805,823 1807,623 1807,785 1808,29 1809,393 1810,435 1811,185 1811,858 1812,995 1814,255 1813,665 1813,367 1813,09 1812,74 1812,35 1812,527 1813,397 1814,602 1815,675 1817,05 1817,199 1815,981 1815,73 1816,05 1815,813 1815,653 1816,005 1816,414 1815,939 1813,289 1810,08 1808,915 1807,422 1805,34 1803,792 1801,555 1799,675 1797,661 1796,09 1793,98 1792,828 1793,1 1793,015 1792,698 1792,265 1792,009 1791,635 1791,407 1791,33 1790,75 1790,878 1789,985 1789,387 1788,55 1789,302
1810,995 1807,38 1804,777 1803,599 1803,376 1803,203 1803,557 1803,807 1805,958 1807,53 1808,815 1809,617 1810,068 1811,33 1812,11 1812,823 1813,67 1814,714 1815,442 1815,198 1814,343 1814,255 1813,92 1814,28 1814,735 1815,343 1816,82 1817,767 1819,874 1819,893 1819,413 1819,326 1820,33 1819,399 1819,64 1819,448 1818,975 1816,998 1815,598 1814,212 1811,498 1809,266 1806,915 1804,615 1802,609 1801,364 1799,38 1797,35 1795,512 1795,209 1795,573 1794,645 1794,506 1793,765 1793,378 1793,554 1793,137 1792,995 1792,397 1792,429 1791,438 1790,978 1791,088 1791,377
1811,211 1807,88 1805,313 1804,435 1804,383 1804,568 1804,867 1805,805 1808,23 1809,583 1809,973 1810,958 1811,578 1812,867 1813,968 1814,94 1816,005 1816,248 1816,525 1815,998 1816,1 1816,75 1816,532 1816,45 1817,181 1817,504 1818,882 1820,24 1821,641 1821,969 1822,031 1822,814 1822,938 1823,035 1822,56 1821,771 1820,795 1818,927 1817,36 1816,132 1814,435 1811,002 1809,337 1806,218 1803,765 1802,649 1801,412 1800,522 1798,33 1797,985 1796,767 1796,459 1796,354 1795,953 1795,034 1795,165 1794,752 1794,35 1793,99 1794,46 1793,6 1793,568 1792,855 1793,485
