Scenarios/Scenario3/topofan.asc
ncols         295
nrows         390
xllcorner     680688,54565324
yllcorner     176285,23937944
cellsize      2,5
NODATA_value  -9999
[rows 224 to 251 of 390, columns 128 to 191 of 295]
1758,73 1759,313 1759,96 1759,903 1760,18 1760,795 1760,46 1760,576 1760,708 1760,608 1760,14 1759,135 1756,29 1754,662 1754,873 1754,557 1753,39 1750,252 1747,835 1747,475 1746,84 1746,677 1747,617 1749,588 1751,752 1753,916 1757,03 1757,805 1758,375 1758,02 1757,578 1756,98 1756,677 1756,453 1756,125 1755,998 1755,735 1754,688 1754 1753,482 1753,073 1752,432 1751,725 1751,185 1750,593 1749,888 1749,667 1749,65 1748,932 1748,035 1746,667 1745,265 1745,174 1745,052 1744,72 1743,995 1743,395 1743,02 1742,545 1741,465 1740,93 1739,79 1739,015 1738,33
1759,932 1760,618 1761,162 1760,998 1761,789 1761,96 1761,998 1761,973 1761,643 1761,525 1761,421 1759,276 1756,564 1755,425 1755,38 1754,835 1754,057 1751,438 1749,388 1747,891 1747,38 1747,59 1748,438 1750,475 1752,458 1755,085 1758,184 1759,248 1759,16 1758,688 1758,108 1758,238 1757,74 1757,073 1757,522 1757,081 1756,38 1755,677 1755,173 1754,64 1754,04 1753,234 1752,78 1752,13 1751,288 1750,968 1750,605 1750,31 1749,768 1748,455 1746,787 1746,329 1746,635 1746,005 1745,185 1744,39 1744,542 1743,798 1743,142 1742,188 1741,095 1740,188 1739,74 1738,917
1761,26 1761,547 1762,417 1762,165 1762,41 1762,955 1762,978 1762,755 1762,823 1762,725 1761,7 1759,685 1756,901 1755,99 1756,383 1755,469 1754,69 1752,865 1750,417 1748,86 1748,28 1748,335 1749,29 1751,493 1753,34 1755,845 1758,897 1760,325 1760,222 1759,5 1759,335 1759,233 1758,655 1758,426 1758,359 1757,938 1757,3 1756,438 1756,123 1755,162 1754,675 1753,9 1753,525 1752,73 1752,042 1751,96 1751,568 1751,225 1749,997 1748,349 1747,425 1747,46 1747,188 1746,45 1746,26 1745,718 1745,17 1744,46 1743,542 1742,505 1741,993 1741,155 1740,248 1739,443
1762,313 1762,645 1763,113 1763,417 1763,725 1763,855 1763,977 1764,105 1763,857 1763,478 1762,417 1759,803 1757,402 1756,973 1756,826 1756,348 1756,011 1753,93 1751,417 1750,123 1749,088 1749,02 1749,917 1751,962 1753,985 1756,365 1759,445 1761,225 1760,994 1760,512 1760,407 1760,2 1759,71 1759,355 1759,137 1758,753 1757,645 1757,289 1756,66 1756,282 1755,502 1754,762 1754,07 1753,52 1753,142 1753,061 1752,707 1751,98 1749,958 1748,677 1748,262 1748,346 1747,888 1747,302 1747,052 1746,458 1745,802 1745,128 1744,078 1743,193 1742,385 1741,42 1740,813 1740,315
1763,805 1764,438 1764,522 1764,397 1764,688 1764,932 1765,063 1764,849 1764,69 1764,856 1762,535 1759,613 1757,883 1757,71 1757,703 1757,17 1757,29 1755,188 1752,68 1750,915 1750,002 1749,688 1750,28 1752,37 1754,38 1756,54 1760,705 1761,93 1761,585 1761,21 1761,517 1761,218 1760,458 1760,177 1759,735 1759,042 1758,754 1758,28 1757,753 1757,186 1756,162 1755,633 1755,045 1754,453 1754,325 1753,96 1753,302 1751,615 1750,311 1749,412 1749,688 1749,228 1748,847 1748,29 1747,792 1747,057 1746,4 1745,502 1744,623 1743,637 1742,887 1742,26 1741,6 1740,74
1764,547 1764,99 1765,314 1765,396 1765,517 1765,766 1765,995 1766,042 1766,302 1765,133 1762,705 1760,083 1758,588 1758,47 1758,255 1758,255 1758,11 1756,557 1753,87 1752,27 1750,755 1750,795 1751,177 1752,787 1754,9 1756,95 1760,598 1762,907 1762,223 1762,272 1762,28 1762,068 1761,538 1760,845 1760,358 1760 1759,378 1758,935 1758,431 1757,627 1756,953 1756,208 1755,785 1755,353 1754,98 1754,427 1752,797 1751,44 1750,867 1750,688 1750,755 1750,167 1749,72 1749,34 1748,485 1747,733 1747,153 1746,103 1744,968 1744,605 1743,55 1742,89 1742,292 1741,295
1765,667 1765,588 1766,17 1766,663 1766,574 1766,948 1767,198 1767,465 1767,228 1765,19 1763,272 1760,828 1759,455 1759,08 1759,213 1759,083 1758,985 1757,035 1754,861 1753,078 1751,56 1751,347 1751,598 1753,517 1755,397 1757,445 1760,728 1763,536 1763,203 1763,341 1763,54 1763,12 1762,374 1761,81 1761,315 1760,65 1760,057 1759,593 1759,16 1758,44 1757,647 1756,895 1756,49 1756,435 1755,625 1754,154 1752,988 1752,26 1752,272 1751,93 1751,532 1751,358 1750,652 1749,693 1749,133 1748,38 1747,625 1746,547 1745,988 1744,943 1744,302 1743,807 1742,983 1742,167
1767,084 1766,938 1767,335 1767,56 1767,83 1768,17 1768,206 1768,223 1768,265 1766,167 1763,578 1761,637 1760,397 1760,18 1760,14 1760,011 1759,857 1758,625 1756,24 1754,275 1752,257 1751,821 1752,453 1753,49 1755,905 1758,205 1761,626 1763,342 1764,315 1764,235 1764,262 1763,73 1763,125 1762,61 1762,075 1761,432 1761,005 1760,295 1759,855 1759,272 1758,448 1757,828 1757,461 1757,232 1756,142 1754,46 1753,86 1753,193 1753,11 1753,132 1752,745 1751,8 1751,243 1750,67 1750,012 1748,95 1748,085 1747,483 1746,465 1745,988 1745,188 1744,465 1743,568 1742,72
1768,032 1768,107 1768,242 1768,84 1768,742 1768,998 1769,298 1769,406 1768,95 1766,203 1764,152 1762,765 1761,52 1761,05 1760,85 1760,535 1760,725 1759,765 1757,165 1754,695 1753,215 1752,307 1752,917 1753,618 1755,943 1758,805 1761,5 1764,303 1765,06 1765,417 1765,123 1764,522 1763,875 1763,195 1762,682 1762,142 1761,572 1760,912 1760,28 1759,617 1759,405 1758,675 1758,18 1757,14 1755,905 1755,13 1754,798 1754,615 1754,465 1754,086 1753,282 1752,603 1752,037 1751,255 1750,605 1749,639 1748,61 1748,095 1747,323 1746,693 1745,805 1745,1 1744,223 1743,372
1769,281 1769,115 1769,455 1769,537 1769,777 1770,365 1770,54 1770,563 1769,897 1767,528 1765,728 1764,027 1762,677 1761,887 1761,708 1761,589 1761,735 1760,839 1757,94 1755,777 1753,73 1753,18 1753,353 1753,902 1755,935 1758,462 1761,42 1765,164 1766,287 1766,272 1765,905 1765,096 1764,58 1764,13 1763,405 1762,867 1762,123 1761,682 1761,497 1760,866 1760,149 1759,432 1758,035 1757,152 1756,672 1756,01 1756,223 1755,797 1755,547 1754,723 1754,38 1753,59 1752,732 1752,11 1751,012 1750,135 1749,647 1748,902 1748,107 1747,531 1746,76 1745,97 1745,005 1744,155
1770,615 1770,56 1770,485 1770,731 1771,182 1771,181 1771,45 1771,905 1770,744 1768,958 1766,743 1765,078 1763,542 1763,093 1762,52 1762,718 1762,334 1761,605 1759,188 1756,515 1754,55 1754,091 1754,037 1754,58 1756,55 1758,98 1762,185 1765,307 1767,099 1767,325 1766,784 1766,214 1765,685 1765,012 1764,242 1763,552 1763,107 1762,983 1762,507 1762,017 1761,177 1759,528 1758,458 1758 1757,637 1757,633 1757,165 1756,733 1756,385 1755,755 1755,068 1754,397 1753,685 1752,823 1751,561 1750,945 1750,36 1749,595 1748,915 1748,277 1747,5 1746,563 1745,557 1744,607
1771,458 1771,792 1771,635 1772,005 1771,84 1772,035 1772,873 1772,815 1771,685 1769,77 1767,865 1766,39 1764,862 1763,657 1763,395 1763,696 1763 1762,291 1759,528 1757,547 1755,305 1754,738 1754,573 1755,72 1757,785 1759,448 1762,165 1764,983 1767,53 1768,101 1767,94 1767,162 1766,552 1765,59 1764,825 1764,326 1763,99 1763,762 1763,213 1762,728 1761,592 1760,01 1759,14 1759,172 1758,975 1758,59 1758,36 1757,612 1757,182 1756,55 1755,777 1754,844 1754,175 1753,397 1752,698 1751,805 1751,15 1750,313 1749,422 1748,743 1747,797 1747,055 1746,465 1745,537
1772,258 1772,79 1772,695 1772,98 1773,032 1773,536 1773,693 1773,954 1773,007 1771,302 1769,623 1767,518 1765,44 1764,795 1764,488 1764,61 1763,97 1762,892 1760,753 1757,75 1755,912 1755,583 1755,501 1756,228 1758,238 1759,917 1762,53 1765,655 1769,08 1769,193 1768,529 1767,93 1767,16 1766,225 1765,823 1765,395 1765,152 1764,92 1764,307 1763,235 1761,5 1760,66 1760,318 1760,596 1760,071 1759,69 1759,035 1758,625 1757,91 1757,39 1756,588 1755,37 1754,838 1754,15 1753,147 1752,512 1751,65 1750,872 1750,09 1749,328 1748,79 1748,037 1747,305 1746,212
1772,833 1773,655 1773,745 1774,047 1774,344 1774,13 1774,948 1775,085 1774,226 1772,663 1770,662 1768,175 1766,425 1765,557 1765,315 1765,346 1764,518 1764,38 1761,255 1758,02 1756,645 1756,145 1756,035 1757,292 1759,22 1761,468 1763,98 1766,74 1769,643 1770,201 1769,248 1768,545 1767,655 1767,193 1766,868 1766,618 1766,218 1766,02 1764,892 1763,015 1762,272 1762,188 1761,95 1761,795 1761,277 1760,347 1759,838 1759,508 1758,81 1757,96 1756,914 1756,57 1755,695 1754,655 1753,843 1753,04 1752,323 1751,502 1750,64 1749,968 1749,232 1748,643 1747,7 1746,542
1773,25 1774,108 1774,86 1774,965 1775,157 1775,445 1775,859 1776,015 1775,715 1773,705 1772,045 1769,468 1767,24 1765,873 1765,99 1765,623 1765,615 1764,586 1761,485 1758,278 1757,512 1757,16 1757,383 1758,672 1760,307 1763,29 1765,313 1768,142 1770,512 1770,938 1770,201 1769,323 1768,695 1768,363 1768,077 1767,472 1767,193 1766,181 1764,468 1763,627 1763,38 1763,853 1763,542 1762,708 1761,86 1761,38 1760,622 1760,175 1759,333 1758,508 1757,813 1756,925 1756,188 1755,485 1754,653 1753,56 1752,922 1752,003 1751,368 1750,618 1749,993 1749,075 1748,078 1747,045
1774,384 1775,188 1775,698 1776,065 1776,557 1776,583 1776,949 1777,275 1777,093 1774,938 1772,885 1769,969 1768,012 1766,623 1766,882 1766,515 1766,3 1765,51 1761,998 1758,997 1758,23 1758,318 1758,57 1759,807 1761,925 1764,818 1766,33 1768,335 1770,85 1771,735 1770,915 1770,305 1769,82 1769,24 1768,797 1768,61 1767,777 1766,114 1765,03 1764,8 1765,688 1765,437 1764,575 1763,575 1762,843 1762,395 1761,625 1760,705 1760,182 1759,515 1758,608 1757,674 1756,777 1755,893 1755,262 1754,377 1753,655 1752,802 1752,108 1751,117 1750,348 1749,568 1748,328 1747,538
1775,52 1776,427 1777,23 1777,537 1777,635 1777,855 1778,337 1778,245 1778,27 1775,733 1773,195 1771,111 1768,97 1767,756 1767,742 1767,465 1767,357 1765,65 1761,865 1759,93 1759,36 1759,127 1759,65 1761,085 1763,25 1765,925 1767,958 1770,107 1771,988 1772,198 1771,86 1771,213 1770,915 1770,402 1769,999 1769,185 1767,515 1766,465 1766,1 1766,963 1767,018 1765,903 1764,88 1764,515 1763,662 1763,123 1762,492 1761,405 1761,012 1760,432 1759,185 1758,39 1757,473 1756,792 1755,805 1755,05 1754,377 1753,422 1752,498 1751,393 1750,715 1749,637 1748,915 1747,84
1776,525 1777,125 1778,07 1778,864 1778,759 1779,269 1779,133 1779,5 1778,774 1776,14 1774,26 1771,998 1769,84 1768,682 1768,193 1768,083 1767,593 1764,818 1761,13 1760,603 1760,213 1760,155 1761,015 1762,47 1764,715 1767,703 1769,46 1771,81 1773,039 1773,277 1772,63 1772,238 1772,05 1771,42 1770,693 1768,994 1767,978 1767,617 1767,874 1768,217 1767,655 1766,7 1765,98 1765,215 1764,47 1763,858 1763,04 1762,238 1761,603 1760,943 1759,917 1758,89 1758,267 1757,47 1756,358 1755,772 1754,938 1753,955 1752,963 1751,8 1751,083 1750,105 1749,33 1748,233
1777,618 1778,29 1778,84 1779,507 1780,024 1780,041 1780,238 1780,507 1779,355 1777,246 1775,139 1772,425 1770,397 1769,593 1769,088 1768,804 1767,748 1764,722 1761,902 1761,419 1761,238 1761,35 1762,473 1764,007 1766,387 1769,035 1771,013 1772,887 1774,645 1774,24 1773,677 1773,297 1772,563 1771,863 1771 1769,34 1768,758 1769,093 1769,078 1769,15 1768,235 1767,598 1766,893 1766,02 1765,59 1764,565 1763,635 1763,19 1762,383 1761,568 1760,65 1759,775 1758,785 1758,038 1757,229 1756,427 1755,363 1754,48 1753,252 1752,4 1751,512 1750,438 1749,552 1748,703
1778,483 1779,2 1779,92 1780,485 1780,765 1781,093 1781,25 1781,573 1780,002 1777,538 1774,933 1772,503 1771,1 1770,612 1769,87 1768,683 1767,188 1763,734 1762,565 1761,998 1761,998 1762,73 1764,412 1765,45 1768,123 1770,495 1772,907 1775,003 1775,615 1774,825 1774,523 1774,052 1773,18 1772,659 1771,325 1770,023 1770,18 1770,453 1770,33 1769,83 1768,782 1768,09 1767,53 1766,9 1766,29 1765,095 1764,62 1764,123 1763,125 1762,103 1761,143 1760,488 1759,537 1758,728 1757,975 1756,685 1755,858 1754,85 1753,777 1752,622 1751,875 1750,985 1749,965 1749,203
1779,575 1780,337 1781,167 1781,287 1781,787 1781,994 1782,095 1782,425 1780,52 1777,874 1775,19 1773,542 1772,005 1771,143 1769,54 1768,083 1765,501 1763,905 1763,405 1762,868 1763,235 1763,988 1765,438 1766,647 1769,739 1772,367 1774,823 1776,33 1776,14 1775,713 1775,135 1774,973 1774,425 1773,52 1771,905 1771,35 1771,695 1771,708 1771,037 1770,527 1769,493 1768,84 1768,307 1767,565 1766,887 1766,328 1765,51 1764,453 1763,79 1762,89 1761,778 1761,08 1760,165 1759,045 1758,17 1757,382 1756,372 1755,26 1754,098 1753,287 1752,203 1751,393 1750,49 1749,772
1780,738 1780,88 1782,08 1782,427 1782,918 1782,915 1783,292 1782,595 1780,814 1778,047 1776,01 1774,008 1772,73 1771,766 1769,846 1767,363 1765,53 1764,588 1764,137 1763,782 1764,453 1765,22 1766,84 1768,552 1771,597 1774,207 1776,593 1777,51 1777,085 1776,563 1776,28 1776,254 1775,349 1773,604 1772,386 1772,295 1772,703 1772,59 1771,912 1770,946 1770,443 1769,698 1768,76 1768,285 1767,725 1766,824 1765,963 1765,26 1764,255 1763,575 1762,597 1761,593 1760,385 1759,645 1758,78 1757,65 1756,865 1755,735 1754,675 1753,86 1752,963 1751,948 1751,312 1750,093
1781,492 1781,78 1782,895 1783,584 1784,153 1784,07 1784,155 1783,435 1781,478 1778,705 1776,16 1774,565 1773,333 1771,762 1769,738 1767,897 1765,977 1765,132 1764,77 1764,907 1765,925 1766,875 1768,458 1771,205 1774,157 1775,863 1778,172 1778,395 1777,77 1777,693 1777,39 1777,065 1775,985 1774,425 1773,565 1773,938 1773,745 1773,475 1772,912 1771,953 1771,272 1770,327 1769,801 1769,528 1768,578 1767,313 1766,802 1765,95 1764,913 1763,897 1762,992 1762,118 1761,145 1760,083 1758,907 1758,08 1757,238 1756,235 1755,41 1754,06 1753,057 1752,262 1751,443 1750,463
1782,488 1783,213 1783,863 1784,328 1785,297 1785,143 1785,217 1783,893 1781,32 1778,708 1776,62 1775,378 1774,219 1771,842 1769,595 1768,085 1766,978 1766,277 1765,684 1765,943 1767,14 1768,575 1770,46 1772,963 1775,695 1778,151 1779,557 1778,97 1778,88 1778,515 1778,198 1777,781 1776,728 1775,015 1775,063 1775,28 1774,932 1774,268 1773,402 1772,693 1771,795 1771,26 1770,839 1770,407 1769,287 1768,16 1767,405 1766,645 1765,657 1764,595 1763,585 1762,625 1761,588 1760,455 1759,65 1758,682 1757,893 1756,694 1755,593 1754,545 1753,728 1752,845 1751,8 1751,022
1783,393 1784,078 1784,635 1785,588 1786,11 1786,557 1786,124 1783,877 1780,938 1779,04 1777,255 1776,439 1773,574 1771,694 1769,335 1768,407 1767,456 1766,856 1766,87 1767,28 1769,073 1770,228 1772,694 1775,048 1777,708 1780,045 1780,292 1780,022 1779,6 1779,742 1779,373 1778,557 1776,718 1776,005 1776,434 1776,23 1775,6 1774,815 1774,105 1773,55 1772,688 1772,275 1771,64 1770,83 1769,851 1768,595 1768,147 1767,137 1766,25 1764,985 1764,185 1763,438 1762,19 1761,1 1759,905 1759,3 1758,103 1757,213 1756,411 1755,305 1754,213 1753,49 1752,297 1751,611
1784,55 1785,1 1785,702 1786,272 1786,97 1787,42 1786,502 1783,708 1781,701 1779,633 1778,235 1776,557 1773,338 1770,711 1769,392 1768,555 1768,593 1768,11 1767,968 1768,565 1770,5 1773,427 1775,223 1777,177 1779 1781,36 1781,477 1781,142 1780,698 1780,64 1780,078 1778,475 1777,225 1777,05 1777,41 1777,135 1776,537 1775,858 1774,945 1774,382 1773,735 1773,04 1772,39 1771,405 1770,2 1769,655 1769,065 1767,83 1766,807 1765,762 1764,74 1763,682 1762,6 1761,672 1760,792 1759,968 1758,677 1757,662 1756,912 1755,618 1754,932 1753,885 1752,802 1751,911
1786,135 1786,348 1786,822 1787,415 1788,271 1788,377 1787,563 1784,607 1782,17 1780,203 1778,956 1776,7 1773,547 1771,025 1770,143 1769,867 1769,358 1769,09 1770,085 1771,491 1774,208 1775,814 1777,152 1778,68 1780,703 1782,466 1782,782 1782,037 1782,025 1781,525 1780,226 1778,698 1778,333 1778,818 1778,76 1778,055 1777,403 1776,815 1775,748 1774,897 1774,667 1773,943 1773,188 1772,022 1771,027 1770,443 1769,575 1768,475 1767,323 1766,323 1765,355 1764,275 1763,469 1762,368 1761,223 1760,23 1759,19 1758,238 1757,647 1756,403 1755,075 1754,108 1753,24 1752,338
1787,9 1787,33 1788,113 1788,892 1789,188 1788,98 1787,61 1785,042 1782,875 1781,002 1779,213 1777,065 1773,252 1771,368 1770,91 1770,769 1770,243 1770,107 1771,425 1774,68 1775,52 1777,422 1778,827 1780,405 1782,282 1783,604 1783,492 1783,233 1782,87 1782,25 1780,605 1779,955 1779,792 1780,258 1779,772 1779,225 1778,111 1777,365 1776,475 1775,815 1775,26 1774,537 1773,795 1772,73 1771,88 1770,99 1770,14 1768,907 1767,927 1766,935 1765,987 1765,208 1764,285 1763,162 1761,723 1760,795 1759,905 1758,767 1758,063 1756,657 1755,828 1754,845 1753,7 1752,375
