Scenarios/Scenario3/topofan.asc
ncols         295
nrows         390
xllcorner     680688,54565324
yllcorner     176285,23937944
cellsize      2,5
NODATA_value  -9999
[rows 308 to 335 of 390, columns 128 to 191 of 295]
1849,585 1851,16 1852,732 1854,03 1856,095 1857,688 1858,748 1859,765 1861,74 1862,323 1863,662 1865,275 1866,94 1868,26 1869,81 1871,554 1871,512 1870,601 1869,785 1869,264 1868,883 1868,118 1867,623 1866,455 1865,858 1864,92 1864,186 1863,125 1862,435 1862,285 1861,505 1861,244 1860,766 1859,258 1858,598 1857,106 1855,86 1854,247 1853,745 1852,133 1851,58 1850,762 1850,824 1851,79 1851,932 1851,48 1851,037 1850,772 1849,883 1849,81 1848,63 1847,114 1847,1 1847,075 1846,785 1846,272 1845,975 1845,965 1846,197 1845,966 1845,761 1845,77 1846,816 1847,205
1851,485 1853,3 1854,353 1855,709 1857,165 1859,488 1860,873 1861,693 1862,985 1864,675 1866,078 1867,445 1869,509 1870,377 1872,009 1873,073 1872,487 1871,893 1871,28 1870,875 1870,345 1869,545 1868,891 1868,07 1867,19 1865,915 1865,348 1864,374 1863,913 1863,165 1862,921 1862,9 1862,08 1860,761 1859,963 1858,352 1857,52 1856,386 1855,472 1853,8 1853,381 1852,835 1852,804 1853,605 1853,373 1853,022 1852,88 1852,106 1851,657 1851,19 1850,113 1848,755 1848,805 1848,865 1848,46 1848,157 1848,193 1848,455 1849,1 1848,875 1848,345 1847,778 1848,958 1849,466
1852,863 1854,725 1856,367 1857,823 1859,223 1860,97 1862,45 1863,458 1864,905 1866,547 1868,037 1869,422 1870,936 1872,43 1874,007 1874,222 1873,664 1873,272 1873,015 1872,708 1871,792 1871,15 1870,02 1869,568 1868,538 1867,31 1866,762 1865,785 1865,705 1864,814 1864,512 1864,04 1862,995 1862,13 1861,323 1859,995 1859,345 1858,267 1857,172 1855,95 1855,193 1854,445 1854,85 1855,675 1855,488 1854,969 1854,985 1853,915 1853,515 1852,568 1851,607 1850,533 1850,966 1851,483 1850,645 1851,027 1851,341 1851,612 1851,69 1851,024 1850,04 1849,617 1850,935 1851,285
1855,172 1856,383 1858,057 1860,081 1861,946 1862,873 1865,013 1864,905 1866,315 1867,975 1869,728 1870,772 1872,968 1874,709 1875,785 1875,647 1875,383 1875,005 1874,777 1874,055 1872,8 1871,98 1871,328 1870,703 1869,948 1868,782 1868,38 1867,542 1868,009 1867,308 1866,579 1865,598 1864,17 1863,547 1862,912 1861,809 1861,161 1859,843 1858,79 1857,552 1857,108 1856,688 1856,813 1857,094 1857,126 1857,113 1856,783 1855,99 1855,484 1854,26 1853,532 1853,13 1853,109 1853,34 1853,142 1853,637 1853,263 1853,714 1853,836 1853,532 1852,221 1851,943 1852,708 1853,287
1857,205 1858,907 1861,26 1862,488 1865,1 1866,05 1866,724 1866,815 1868,424 1870,065 1871,603 1872,825 1874,468 1876,52 1877,71 1877,204 1876,939 1876,681 1875,952 1874,983 1874,313 1873,755 1872,805 1871,787 1871,476 1870,555 1869,469 1869,45 1869,673 1869,184 1867,94 1866,585 1865,647 1864,925 1864,22 1863,85 1863,21 1862,465 1860,482 1859,573 1858,909 1858,685 1858,865 1859,482 1859,157 1859,05 1858,242 1857,703 1857,16 1856,4 1855,377 1855,145 1855,25 1855,343 1855,023 1855,468 1855,285 1855,823 1855,434 1855,054 1854,182 1853,759 1854,835 1854,955
1860,517 1862,229 1863,614 1865,078 1867,3 1868,355 1868,502 1869,038 1870,195 1871,767 1873,193 1873,9 1876,361 1877,963 1878,635 1878,573 1878,391 1878,205 1877,073 1876,373 1875,57 1875,098 1874,495 1873,633 1873,052 1872,23 1871,095 1871,49 1871,41 1870,133 1869,088 1868,223 1867,468 1866,777 1866,153 1865,892 1865,253 1863,8 1862,935 1861,853 1861,147 1860,569 1861,065 1861,595 1861,203 1860,905 1860,106 1859,554 1858,906 1858,443 1857,265 1857,017 1856,663 1857,04 1857,057 1857,032 1857,512 1857,131 1857,109 1857,269 1856,52 1855,943 1856,41 1856,747
1862,843 1864,389 1865,768 1867,117 1869,287 1870,565 1870,59 1871,1 1872,125 1873,181 1874,633 1875,597 1878,233 1879,186 1880,472 1880,17 1879,968 1879,539 1878,382 1877,718 1876,972 1876,519 1875,735 1875,613 1874,653 1873,522 1872,813 1873,123 1872,498 1871,2 1870,21 1869,663 1869,355 1868,887 1867,675 1867,53 1866,962 1865,723 1865,009 1863,6 1863,008 1862,769 1863,032 1863,176 1862,828 1862,863 1861,998 1861,337 1860,953 1859,948 1859,38 1859,318 1858,716 1858,988 1859,115 1859,078 1859,39 1859,03 1858,935 1858,99 1858,496 1858,235 1858,578 1858,468
1866,182 1868,488 1869,369 1869,48 1871,333 1872,538 1872,435 1872,865 1874,028 1874,675 1876,213 1877,585 1879,839 1881,067 1881,943 1881,796 1881,272 1880,603 1879,623 1878,755 1878,468 1877,995 1877,56 1877,167 1876,417 1875,098 1874,555 1874,542 1873,27 1872,366 1871,578 1871,268 1870,745 1870,263 1869,288 1869,052 1868,716 1867,669 1866,728 1865,625 1865,134 1864,644 1865,063 1864,988 1864,807 1864,625 1863,718 1862,997 1862,49 1861,885 1861,423 1861,557 1861,068 1860,838 1861,545 1861,055 1861,032 1861,156 1860,943 1860,745 1860,015 1860,422 1860,491 1860,595
1869,629 1871,815 1872,494 1873,39 1874,873 1874,762 1874,485 1874,885 1875,96 1876,8 1877,985 1879,005 1880,911 1882,908 1883,11 1882,847 1882,404 1881,855 1880,843 1880,025 1879,508 1879,505 1878,997 1879,032 1877,555 1876,465 1876,318 1875,75 1874,387 1874,213 1873,708 1872,86 1872,33 1871,637 1871,225 1870,555 1870,301 1869,11 1868,642 1867,821 1867,223 1866,292 1866,8 1866,91 1866,666 1866,348 1865,66 1864,608 1864,4 1863,577 1863,405 1863,219 1862,875 1862,991 1863,258 1863,205 1862,868 1862,599 1862,853 1863,21 1862,131 1862,14 1862,323 1862,415
1873,455 1875,757 1876,542 1876,76 1877,307 1876,87 1876,512 1876,825 1878,005 1878,875 1879,725 1880,922 1882,609 1883,937 1884,399 1883,877 1883,458 1882,825 1882,167 1881,517 1881,037 1881,037 1880,63 1880,035 1878,94 1877,994 1877,912 1877,196 1876,392 1875,464 1875,152 1874,551 1874,055 1873,195 1872,863 1872,23 1871,665 1871,052 1870,075 1869,58 1869,365 1868,897 1868,823 1868,481 1868,318 1867,723 1867,565 1866,718 1866,357 1865,833 1865,402 1865,208 1865,224 1865,075 1864,99 1864,914 1864,756 1864,507 1864,81 1864,234 1864,369 1863,997 1864,203 1864,64
1876,361 1878,972 1878,542 1879,078 1879,275 1878,93 1878,383 1879,277 1879,917 1881,21 1882,06 1884,061 1886,766 1886,047 1885,625 1885,079 1884,571 1883,98 1883,287 1882,99 1882,455 1882,228 1882,083 1881,358 1880,552 1879,79 1879,583 1878,236 1878,147 1877,113 1876,695 1876,151 1875,422 1874,518 1873,932 1873,802 1872,968 1872,525 1871,84 1871,314 1871,176 1870,406 1870,389 1870,367 1870,28 1869,494 1869,24 1868,794 1868,373 1867,622 1867,316 1866,95 1867,122 1866,74 1866,552 1867,083 1866,505 1866,569 1866,848 1866,59 1866,243 1865,65 1866,422 1866,87
1878,927 1880,892 1881,422 1881,598 1881,726 1881,524 1881,455 1881,212 1881,522 1882,81 1884,098 1885,712 1887,654 1887,43 1886,892 1886,265 1885,87 1885,32 1884,843 1884,662 1884,18 1883,791 1883,387 1882,965 1881,867 1881,5 1880,733 1880,45 1879,672 1878,818 1878,105 1877,583 1876,92 1875,787 1875,298 1875,2 1874,492 1874,1 1873,3 1873,075 1872,81 1872,49 1872,133 1872,057 1871,856 1871,193 1870,703 1870,81 1869,862 1869,82 1869,43 1869,034 1869,047 1868,732 1868,794 1869,107 1868,936 1868,534 1868,674 1868,42 1868,118 1867,825 1868,25 1868,813
1880,917 1882,198 1883,525 1884,068 1884,504 1883,627 1883,102 1883,522 1884,063 1884,468 1886,065 1887,64 1888,965 1888,813 1888,261 1887,815 1887,47 1886,712 1886,225 1885,795 1885,712 1885,069 1884,897 1884,054 1883,782 1883,018 1882,323 1881,688 1881,063 1880,093 1879,348 1878,647 1877,958 1877,1 1876,732 1876,478 1876,028 1875,299 1874,62 1874,781 1873,972 1874,044 1873,775 1873,826 1873,035 1872,907 1872,455 1871,998 1871,772 1871,535 1871,344 1871,38 1870,795 1870,96 1871,002 1870,788 1870,922 1870,715 1870,374 1870,527 1869,67 1869,79 1870,305 1870,781
1881,777 1883,528 1885,371 1886,647 1886,68 1886,51 1885,338 1885,96 1886,555 1886,335 1887,679 1889,4 1890,404 1890,222 1889,598 1889,005 1888,604 1888,118 1888,03 1887,417 1887,295 1886,787 1886,333 1885,715 1885,453 1884,292 1883,657 1883,225 1882,105 1881,425 1880,635 1879,77 1879,113 1878,612 1878,208 1877,863 1877,375 1876,475 1876,387 1876,518 1875,889 1875,755 1875,471 1875,365 1874,649 1874,703 1874,231 1873,979 1873,407 1873,432 1873,105 1872,938 1872,863 1872,588 1872,985 1872,915 1872,75 1872,608 1872,88 1872,345 1872,037 1871,968 1872,431 1872,453
1882,99 1884,865 1887,21 1888,629 1888,949 1888,365 1887,802 1888,076 1888,34 1889,39 1889,35 1891,475 1892,34 1891,893 1890,989 1890,486 1889,961 1889,795 1889,92 1889,318 1889,003 1888,299 1887,972 1887,307 1886,438 1886,035 1884,964 1884,188 1883,305 1882,792 1881,705 1880,83 1880,167 1880,038 1879,52 1879,015 1878,865 1878,093 1878,042 1877,867 1877,892 1877,547 1877,015 1877,003 1876,31 1876,195 1875,805 1875,468 1875,425 1875,422 1874,682 1874,94 1875,07 1874,527 1874,915 1874,578 1874,62 1874,236 1874,535 1874,153 1873,677 1874,532 1874,875 1874,729
1885,037 1886,757 1888,845 1890,703 1891,094 1890,862 1890,31 1890,05 1890,468 1891,129 1891,499 1892,79 1893,679 1893,095 1891,986 1891,978 1891,532 1891,552 1891,335 1890,885 1890,5 1890,113 1889,625 1888,726 1887,997 1887,22 1886,307 1885,522 1884,887 1883,665 1882,74 1882,502 1881,455 1881,055 1880,63 1880,785 1880,583 1879,828 1879,625 1879,31 1879,12 1878,932 1878,82 1878,695 1878,42 1878,093 1877,488 1877,295 1877,191 1877,228 1876,887 1876,62 1876,895 1876,61 1876,86 1876,423 1876,664 1876,599 1876,419 1876,294 1875,882 1876,623 1876,796 1876,875
1887,381 1888,66 1890,22 1891,58 1893,44 1893,617 1892,552 1892,508 1893,084 1893,475 1894,466 1895,815 1895,285 1894,4 1893,555 1893,251 1892,926 1893,18 1893,33 1892,575 1892,289 1891,493 1891,28 1890,405 1889,285 1888,62 1887,607 1886,667 1885,755 1884,81 1884,012 1883,7 1882,895 1882,233 1882,38 1882,275 1881,922 1881,497 1881,397 1881,095 1880,8 1880,604 1880,556 1880,338 1879,837 1879,578 1879,47 1879,001 1879,235 1878,988 1878,617 1878,52 1878,33 1878,545 1878,591 1878,348 1878,335 1878,01 1878,252 1877,765 1877,415 1878,45 1879,012 1878,605
1888,98 1890,415 1892,115 1893,745 1895,207 1895,108 1894,623 1894,939 1895,31 1895,923 1896,79 1897,583 1896,875 1896,115 1895,223 1895,119 1894,973 1894,655 1894,76 1894,11 1894,138 1893,373 1892,525 1891,587 1890,363 1889,965 1889,088 1888,162 1887,15 1886,215 1885,607 1885,169 1884,494 1884,185 1884,045 1883,946 1883,038 1882,927 1882,787 1882,8 1882,755 1882,358 1882,268 1881,835 1881,655 1881,226 1881,105 1880,71 1880,818 1880,772 1880,348 1880,49 1880,525 1880,595 1880,175 1880,525 1880,177 1880,258 1880,084 1879,748 1879,37 1880,339 1880,657 1880,612
1891,555 1892,745 1894,064 1895,488 1897,706 1897,886 1897,414 1896,885 1897,263 1898,15 1898,777 1899,078 1897,968 1897,376 1896,705 1896,557 1896,415 1895,965 1896,287 1895,525 1895,603 1894,775 1893,586 1892,537 1891,975 1891,116 1890,193 1889,667 1888,593 1887,555 1887,127 1886,625 1886,167 1885,979 1885,368 1885,423 1884,768 1884,438 1884,348 1884,056 1884,034 1883,99 1883,995 1883,373 1883,405 1882,992 1882,62 1882,434 1882,708 1882,223 1882,206 1882,248 1882,068 1882,306 1882,346 1882,172 1882,07 1881,925 1881,748 1881,673 1881,49 1881,973 1882,383 1882,415
1893,76 1894,693 1896,55 1897,535 1899,563 1901,051 1899,611 1899,297 1899,427 1900,302 1900,857 1900,633 1899,484 1898,86 1898,71 1898,28 1897,915 1897,625 1897,884 1897,395 1897,032 1895,968 1894,843 1893,79 1893,17 1892,49 1891,558 1891,047 1890,133 1889,03 1888,268 1887,9 1887,278 1887,03 1887,025 1886,734 1886,239 1886,26 1885,99 1885,743 1885,525 1885,575 1885,55 1885,172 1884,713 1885,055 1885,084 1884,355 1884,472 1884,61 1884,213 1884,23 1884,133 1884,064 1884,145 1883,912 1883,752 1883,327 1883,392 1883,015 1883,162 1883,708 1883,922 1884,282
1895,56 1897,319 1898,427 1900,08 1901,632 1903,022 1901,965 1901,264 1901,633 1902,5 1902,622 1901,602 1900,998 1900,622 1900,242 1899,71 1899,475 1899,071 1899,262 1899,126 1898,313 1897,348 1895,737 1895,35 1894,465 1893,662 1892,907 1892,358 1891,018 1890,657 1889,75 1889,39 1889,218 1888,682 1888,235 1888,037 1887,955 1887,805 1887,873 1887,478 1887,272 1887,169 1886,885 1887,175 1887,188 1886,723 1886,21 1886,38 1886,367 1886,13 1885,485 1885,482 1885,468 1885,76 1885,47 1885,417 1885,38 1885,046 1884,985 1884,265 1884,768 1885,51 1885,61 1885,971
1898,08 1899,445 1900,52 1902,551 1904,39 1905,98 1905,693 1903,598 1903,751 1904,301 1904,097 1903,047 1902,211 1901,98 1902,089 1901,432 1900,79 1900,547 1900,762 1900,3 1899,883 1898,664 1897,075 1896,715 1895,795 1895,08 1894,563 1893,59 1892,75 1891,66 1891,1 1890,963 1890,8 1890,37 1890,128 1889,514 1889,357 1889,233 1889,22 1888,943 1889,05 1888,837 1888,517 1888,761 1889,161 1888,736 1887,9 1888,375 1888,307 1887,685 1887,395 1887,107 1887,152 1886,85 1886,603 1886,768 1886,605 1886,413 1886,53 1886,286 1886,464 1886,969 1887,011 1887,137
1899,985 1901,693 1903,145 1904,365 1906,282 1907,28 1907,755 1906,897 1906,313 1905,93 1905,292 1904,382 1903,505 1903,718 1903,289 1902,677 1902,14 1901,922 1902,085 1901,647 1901,015 1899,728 1898,772 1897,917 1896,944 1896,455 1895,833 1894,728 1893,885 1893,155 1892,845 1892,345 1892,27 1891,865 1891,545 1891,208 1891,338 1891,14 1890,775 1890,68 1890,609 1890,579 1890,083 1890,12 1890,319 1889,863 1889,635 1889,913 1889,665 1889,458 1888,901 1888,637 1888,492 1888,119 1888,026 1888,275 1888,318 1888,275 1887,89 1887,672 1887,798 1888,563 1888,206 1888,177
1902,139 1903,339 1904,117 1905,672 1907,525 1909,232 1909,402 1908,252 1907,682 1907,208 1906,133 1905,863 1904,787 1904,603 1904,618 1904,182 1903,84 1903,588 1903,527 1903,205 1902,01 1901,166 1899,887 1899,552 1898,195 1897,31 1896,927 1896,04 1895,382 1894,585 1894,584 1894,017 1893,805 1893,57 1892,99 1892,77 1893,06 1893,34 1892,697 1891,948 1892,248 1892,16 1891,86 1891,679 1891,727 1891,654 1891,218 1891,015 1891,157 1890,873 1890,871 1890,267 1889,833 1889,514 1889,512 1889,34 1889,77 1889,815 1888,991 1889,047 1889,356 1889,521 1889,561 1889,573
1903,833 1905,035 1906,182 1907,89 1909,444 1910,334 1910,725 1909,397 1909,388 1908,435 1907,802 1907,619 1906,584 1906,395 1906,091 1905,45 1905,47 1905,262 1904,522 1904,343 1903,495 1902 1901,479 1900,81 1899,53 1898,867 1898,318 1897,593 1896,786 1896,233 1895,982 1895,655 1895,345 1895,017 1894,453 1894,61 1894,57 1894,367 1894,685 1893,691 1893,855 1893,698 1893,625 1893,595 1893,315 1893,455 1892,807 1892,61 1892,748 1892,358 1892,137 1891,875 1891,805 1891,5 1891,135 1891,177 1891,228 1891,198 1890,458 1890,613 1890,535 1890,443 1890,938 1890,739
1905,613 1906,682 1908,132 1909,895 1910,885 1911,49 1911,917 1911,068 1910,48 1909,888 1909,532 1908,6 1907,919 1907,829 1907,512 1906,96 1906,802 1906,703 1906,15 1905,737 1904,665 1903,295 1902,83 1901,855 1900,96 1900,366 1899,473 1899,297 1898,244 1897,848 1897,985 1897,448 1897,36 1896,61 1896,935 1896,42 1896,368 1896,479 1896,101 1895,244 1895,427 1895,907 1895,36 1895,152 1894,721 1894,857 1894,576 1894,485 1894,445 1893,768 1893,955 1893,412 1893,455 1892,653 1892,785 1892,711 1892,723 1892,671 1892,035 1891,998 1892,13 1891,823 1891,963 1891,738
1907,353 1908,26 1909,677 1911,171 1912,635 1913,401 1913,147 1912,62 1912,056 1911,51 1911,198 1909,86 1909,46 1908,914 1908,695 1908,667 1908,112 1908,122 1907,828 1906,965 1905,742 1904,74 1904,135 1902,845 1902,663 1902,165 1901,024 1900,53 1900,34 1899,593 1899,73 1899,078 1898,897 1898,645 1898,538 1898,117 1898,057 1898,497 1897,939 1896,985 1897,172 1897,313 1897,172 1896,63 1896,278 1896,424 1896,141 1896,213 1895,292 1895,703 1895,499 1895,07 1895,031 1894,268 1894,103 1894,05 1894,115 1894,125 1893,698 1893,807 1893,662 1893,665 1893,975 1893,314
1909,407 1910,54 1911,688 1913,13 1914,308 1914,727 1914,527 1914,57 1913,614 1912,843 1912,387 1911,307 1911,047 1910,635 1910,255 1909,93 1909,598 1909,335 1909,057 1908,273 1906,85 1906,012 1905,5 1904,085 1904,24 1903,373 1902,522 1902,215 1901,891 1901,348 1901,205 1900,535 1900,615 1900,579 1900,575 1899,761 1900,002 1899,943 1899,05 1898,601 1899,035 1898,859 1898,94 1898,008 1898,262 1898,052 1897,653 1897,744 1896,938 1897,135 1896,62 1896,655 1896,488 1896,152 1895,804 1895,688 1895,647 1895,383 1895,356 1895,325 1894,882 1894,823 1894,705 1894,43
