Scenarios/Scenario3/topofan.asc
ncols         295
nrows         390
xllcorner     680688,54565324
yllcorner     176285,23937944
cellsize      2,5
NODATA_value  -9999
[rows 140 to 167 of 390, columns 192 to 255 of 295]
1676,242 1675,708 1675,367 1675,169 1674,627 1674,022 1673,708 1673,228 1672,92 1672,47 1672,193 1671,652 1671,292 1671,155 1670,68 1670,56 1670,06 1669,667 1669,137 1668,59 1668,325 1667,948 1667,655 1667,4 1666,855 1666,662 1666,415 1665,972 1665,618 1665,245 1664,753 1664,32 1663,64 1663,24 1662,662 1662,275 1661,948 1661,345 1661,162 1660,713 1660,107 1659,277 1658,85 1658,453 1658,025 1657,57 1657,13 1656,55 1655,79 1655,27 1654,797 1653,998 1653,202 1652,81 1652,153 1651,5 1650,675 1649,995 1649,853 1648,807 1648,345 1647,65 1646,99 1646,663
1676,719 1676,485 1676,182 1675,813 1675,277 1674,703 1674,18 1673,897 1673,565 1672,948 1672,655 1672,297 1672,1 1671,823 1671,32 1671,073 1670,685 1670,147 1669,838 1669,432 1668,828 1668,578 1668,325 1668,04 1667,665 1667,25 1667,02 1666,682 1666,172 1665,863 1665,323 1664,647 1664,24 1663,672 1663,385 1662,805 1662,49 1662,042 1661,813 1661,365 1660,677 1659,927 1659,557 1658,847 1658,613 1658,198 1657,591 1657,135 1656,515 1655,847 1655,315 1654,565 1654,025 1653,373 1652,839 1651,97 1651,3 1650,425 1649,785 1649,527 1648,963 1648,115 1647,5 1646,87
1677,512 1677,108 1676,81 1676,53 1676,047 1675,42 1674,943 1674,443 1674,08 1673,653 1673,435 1672,925 1672,742 1672,39 1672,068 1671,65 1671,155 1670,788 1670,305 1670,105 1669,635 1669,133 1668,943 1668,57 1668,182 1667,828 1667,642 1667,458 1666,92 1666,328 1665,853 1665,328 1664,718 1664,375 1664,1 1664,099 1663,188 1662,68 1662,37 1661,62 1661,01 1660,63 1660,203 1659,652 1659,203 1658,655 1658,095 1657,605 1657,18 1656,397 1655,81 1655,188 1654,661 1654,103 1653,23 1652,667 1651,785 1651,01 1650,277 1649,65 1649,417 1648,688 1648,108 1647,36
1678,43 1678,045 1677,802 1677,302 1676,598 1676,002 1675,663 1675,205 1674,85 1674,338 1674,123 1673,867 1673,532 1673,05 1672,583 1672,065 1671,833 1671,38 1670,97 1670,672 1670,193 1669,938 1669,693 1669,347 1669 1668,703 1668,387 1667,943 1667,395 1666,863 1666,44 1665,825 1665,245 1664,923 1664,92 1664,6 1663,682 1663,275 1662,752 1662,277 1661,728 1661,135 1660,647 1660,335 1659,863 1659,415 1658,752 1658,238 1657,65 1656,922 1656,34 1655,875 1655,33 1654,56 1653,853 1653,087 1652,338 1651,738 1651,012 1650,245 1649,412 1649,235 1648,953 1648,07
1679,198 1678,925 1678,62 1678,113 1677,287 1676,747 1676,31 1675,835 1675,44 1674,99 1674,623 1674,38 1674,052 1673,488 1673,218 1672,762 1672,478 1672,245 1671,705 1671,295 1670,943 1670,7 1670,455 1669,963 1669,49 1669,13 1668,7 1668,385 1667,79 1667,654 1666,935 1666,36 1666,115 1665,623 1665,443 1664,895 1664,333 1663,94 1663,522 1662,945 1662,4 1661,92 1661,338 1660,88 1660,43 1659,778 1659,326 1659,005 1658,313 1657,729 1657,238 1656,557 1655,873 1655,169 1654,463 1653,887 1652,925 1652,333 1651,637 1651,035 1650,38 1649,685 1649,167 1648,885
1679,92 1679,73 1679,439 1678,47 1678,045 1677,453 1677,13 1676,522 1676,12 1675,728 1675,407 1675,07 1674,605 1674,343 1673,917 1673,455 1673,318 1672,945 1672,605 1672,122 1671,653 1671,373 1671,047 1670,45 1670,18 1669,635 1669,478 1669,113 1668,828 1668,2 1667,762 1667,282 1666,87 1666,49 1666,088 1665,315 1664,99 1664,647 1664,113 1663,57 1662,986 1662,551 1662,083 1661,625 1661,085 1660,593 1660,025 1659,334 1658,89 1658,403 1657,682 1657,252 1656,51 1655,925 1655,2 1654,527 1653,802 1653,042 1652,205 1651,663 1651,219 1650,802 1649,848 1649,2
1680,608 1680,307 1679,886 1679,485 1678,713 1678,228 1677,85 1677,255 1676,728 1676,363 1676,21 1675,815 1675,373 1675,123 1674,87 1674,458 1674,005 1673,772 1673,243 1672,863 1672,48 1672,12 1671,835 1671,41 1670,843 1670,343 1670,245 1669,922 1669,598 1668,922 1668,473 1667,863 1667,583 1667,009 1666,575 1666,098 1665,58 1665,215 1664,657 1664,005 1663,684 1663,065 1662,682 1662,155 1661,64 1661,17 1660,661 1660,055 1659,525 1659,01 1658,399 1657,62 1657,28 1656,64 1655,873 1655,068 1654,355 1653,607 1653,091 1652,525 1652,25 1651,772 1651,133 1650,09
1681,654 1681,266 1680,745 1680,083 1679,53 1678,985 1678,59 1678,108 1677,758 1677,427 1676,9 1676,407 1676,27 1675,948 1675,535 1674,887 1674,725 1674,412 1674,037 1673,57 1673,285 1672,985 1672,425 1672,073 1671,565 1671,27 1671,07 1670,892 1670,64 1670,025 1669,233 1668,69 1668,28 1667,895 1667,295 1666,595 1666,285 1665,662 1665,06 1664,73 1664,233 1663,735 1663,235 1662,8 1662,22 1661,695 1661,137 1660,762 1660,275 1659,63 1659,008 1658,665 1658,19 1657,43 1656,45 1655,93 1655,055 1654,53 1653,95 1653,613 1653,051 1652,376 1651,627 1651,037
1682,32 1681,792 1681,225 1680,762 1680,188 1679,856 1679,38 1679,017 1678,397 1678,147 1677,647 1677,24 1676,855 1676,532 1676,15 1675,8 1675,318 1675,248 1674,827 1674,485 1673,992 1673,603 1673,2 1672,58 1672,415 1672,167 1671,635 1671,705 1671,193 1670,547 1670,03 1669,3 1669,032 1668,56 1667,8 1667,277 1666,835 1666,35 1665,853 1665,263 1664,807 1664,285 1663,885 1663,458 1662,849 1662,287 1661,71 1661,27 1660,802 1659,995 1659,704 1659,248 1658,59 1657,955 1657,215 1656,505 1655,873 1655,288 1654,7 1654,231 1653,581 1652,797 1652,105 1651,238
1683,035 1682,505 1681,995 1681,453 1680,943 1680,647 1680,26 1679,633 1679,235 1678,655 1678,032 1677,955 1677,58 1677,203 1676,81 1676,48 1676,313 1675,887 1675,55 1674,9 1674,63 1674,305 1673,675 1673,385 1673,22 1672,875 1672,563 1672,115 1671,742 1671,118 1670,527 1670,16 1669,59 1668,893 1668,443 1667,89 1667,44 1667,005 1666,343 1665,88 1665,393 1664,797 1664,392 1664,032 1663,397 1662,825 1662,44 1661,893 1661,19 1660,758 1660,59 1660,145 1659,443 1658,598 1657,802 1657,05 1656,603 1656,164 1655,57 1654,823 1654,078 1653,367 1652,542 1651,78
1683,71 1683,15 1682,522 1682,118 1681,95 1681,445 1680,718 1680,268 1679,767 1679,532 1678,925 1678,625 1678,252 1677,983 1677,488 1677,155 1676,828 1676,608 1676,093 1675,75 1675,542 1675,127 1674,79 1674,377 1674,032 1673,74 1673,202 1672,81 1672,262 1671,733 1671,12 1670,722 1670,193 1669,657 1669,133 1668,508 1668,045 1667,593 1666,892 1666,532 1666,002 1665,566 1665,042 1664,49 1663,887 1663,51 1662,855 1662,392 1661,944 1661,453 1661,193 1660,578 1659,835 1658,907 1658,461 1657,624 1657,145 1656,65 1656,157 1655,318 1654,738 1653,906 1653,12 1652,233
1684,123 1683,785 1683,255 1683,08 1682,465 1682,095 1681,41 1680,993 1680,575 1680,255 1679,655 1679,15 1678,95 1678,425 1678,113 1677,982 1677,525 1677,18 1676,833 1676,78 1676,223 1675,968 1675,48 1675,055 1674,96 1674,448 1673,785 1673,462 1672,807 1672,21 1671,633 1671,45 1670,768 1670,282 1669,662 1669,133 1668,627 1668,163 1667,627 1667,052 1666,493 1666,153 1665,655 1665,115 1664,397 1663,97 1663,38 1662,983 1662,417 1662,07 1661,563 1660,92 1660,233 1659,505 1658,838 1658,133 1657,78 1657,24 1656,31 1655,728 1655,13 1654,375 1653,714 1652,768
1684,703 1684,302 1683,797 1683,45 1683,162 1682,605 1682,17 1681,813 1681,41 1680,78 1680,427 1680,14 1679,653 1679,11 1678,927 1678,563 1678,287 1677,862 1677,505 1677,28 1677,093 1676,873 1676,407 1675,823 1675,44 1674,915 1674,405 1673,907 1673,42 1672,897 1672,425 1671,87 1671,478 1671,017 1670,579 1669,779 1669,267 1668,66 1668,075 1667,65 1667,14 1666,682 1666,065 1665,48 1664,932 1664,482 1664,068 1663,54 1663,025 1662,613 1661,945 1661,228 1660,64 1659,857 1659,33 1658,59 1658,265 1657,652 1656,752 1656,06 1655,537 1654,825 1653,948 1653,22
1685,415 1684,93 1684,539 1683,925 1683,515 1683,335 1682,742 1682,325 1682,01 1681,54 1681,16 1680,74 1680,17 1679,955 1679,61 1679,235 1678,767 1678,56 1678,335 1678,208 1677,785 1677,588 1677,005 1676,628 1675,955 1675,512 1674,995 1674,463 1674,013 1673,445 1673,152 1672,617 1672,068 1671,627 1670,96 1670,337 1669,795 1669,295 1668,755 1668,243 1667,848 1667,315 1666,792 1666,127 1665,705 1665,015 1664,363 1663,998 1663,446 1662,81 1662,235 1661,555 1660,843 1660,275 1659,68 1659,215 1658,603 1657,797 1657,172 1656,593 1655,857 1655,113 1654,375 1653,858
1686,04 1685,598 1685,05 1684,772 1684,295 1683,843 1683,39 1683,055 1682,777 1682,16 1681,917 1681,41 1681,02 1680,435 1680,142 1679,807 1679,438 1679,188 1679,115 1678,76 1678,583 1678,09 1677,603 1677,022 1676,55 1676,103 1675,54 1675,141 1674,56 1673,958 1673,621 1673,127 1672,465 1671,813 1671,387 1670,92 1670,333 1669,782 1669,373 1668,775 1668,203 1667,778 1667,262 1666,652 1666,085 1665,468 1665,103 1664,555 1663,943 1663,152 1662,393 1661,755 1661,195 1660,623 1660,238 1659,607 1658,922 1658,175 1657,585 1656,938 1656,115 1655,515 1655,105 1654,745
1686,672 1686,008 1685,81 1685,36 1684,945 1684,445 1684,248 1683,695 1683,313 1682,9 1682,493 1682,068 1681,537 1681,34 1680,81 1680,448 1680,135 1679,95 1679,69 1679,632 1679,23 1678,722 1678,21 1677,65 1677,252 1676,725 1676,13 1675,665 1675,022 1674,468 1674,21 1673,463 1673,03 1672,472 1672,036 1671,508 1671,045 1670,432 1669,838 1669,333 1668,91 1668,44 1667,795 1667,258 1666,557 1666,103 1665,52 1664,982 1664,302 1663,435 1662,828 1662,13 1661,673 1661,052 1660,52 1659,892 1659,242 1658,62 1658,17 1657,556 1656,82 1656,182 1655,935 1655,068
1687,123 1686,797 1686,473 1686 1685,495 1685,18 1684,607 1684,507 1683,935 1683,448 1683,335 1682,708 1682,365 1681,77 1681,552 1681,253 1680,948 1680,538 1680,427 1679,965 1679,56 1679,315 1678,74 1678,157 1677,847 1677,238 1676,688 1676,115 1675,46 1675,153 1674,542 1674 1673,48 1673,04 1672,448 1671,938 1671,522 1670,968 1670,478 1669,955 1669,448 1668,965 1668,39 1667,625 1667,107 1666,605 1665,865 1665,238 1664,432 1663,768 1663,135 1662,742 1662,267 1661,657 1660,95 1660,363 1659,705 1659,032 1658,585 1657,935 1657,403 1656,895 1655,983 1655,463
1687,938 1687,484 1687,073 1686,672 1686,345 1685,782 1685,537 1685,052 1684,568 1684,248 1683,74 1683,442 1683,068 1682,81 1682,325 1681,96 1681,677 1681,193 1680,978 1680,647 1680,243 1679,753 1679,232 1678,815 1678,262 1677,833 1677,222 1676,66 1676,228 1675,627 1674,972 1674,583 1674,133 1673,605 1673,167 1672,6 1672,165 1671,532 1671,045 1670,627 1669,94 1669,318 1668,752 1668,247 1667,59 1667,17 1666,522 1665,698 1664,932 1664,147 1663,873 1663,52 1662,857 1662,09 1661,39 1660,738 1660,138 1659,498 1658,848 1658,151 1657,498 1656,997 1656,538 1655,732
1688,595 1688,195 1687,788 1687,277 1686,91 1686,55 1686,095 1685,74 1685,195 1684,907 1684,565 1684,235 1683,913 1683,623 1683,262 1683,03 1682,313 1682,103 1681,657 1681,193 1680,755 1680,407 1679,833 1679,358 1678,787 1678,307 1677,895 1677,29 1676,853 1676,335 1675,72 1675,245 1674,598 1674,08 1673,695 1673,208 1672,653 1672,055 1671,512 1670,968 1670,575 1669,943 1669,358 1668,695 1668,172 1667,738 1667,068 1666,163 1665,395 1664,935 1664,548 1664,098 1663,43 1662,825 1661,963 1661,26 1660,54 1660,105 1659,552 1658,483 1658,203 1657,51 1656,907 1656,223
1689,302 1688,998 1688,517 1688,1 1687,76 1687,193 1686,903 1686,397 1686,093 1685,72 1685,353 1685,06 1684,792 1684,575 1684,44 1683,988 1683,39 1682,988 1682,383 1681,975 1681,472 1680,952 1680,23 1679,765 1679,557 1678,828 1678,655 1678,002 1677,34 1676,863 1676,095 1675,772 1675,188 1674,787 1674,282 1673,695 1673,037 1672,7 1672,115 1671,455 1670,94 1670,41 1669,818 1669,088 1668,89 1668,512 1667,58 1666,848 1666,147 1665,627 1665,193 1664,507 1663,843 1663,07 1662,557 1661,992 1661,175 1660,634 1659,853 1658,752 1658,5 1657,95 1657,43 1656,863
1689,777 1689,45 1689,232 1688,695 1688,465 1688,083 1687,59 1687,137 1686,853 1686,415 1686,373 1686,005 1685,525 1685,605 1685,175 1684,765 1684,175 1683,588 1683,027 1682,548 1681,9 1681,495 1680,86 1680,629 1680,005 1679,765 1679,162 1678,422 1677,84 1677,225 1676,702 1676,32 1675,932 1675,227 1674,86 1674,34 1673,732 1673,235 1672,617 1672,12 1671,535 1670,813 1670,275 1669,902 1669,475 1668,932 1668,115 1667,532 1666,96 1666,455 1665,733 1665,205 1664,348 1663,71 1663,075 1662,465 1661,647 1660,693 1659,875 1659,36 1658,867 1658,41 1657,978 1657,35
1690,573 1690,325 1689,885 1689,563 1689,143 1688,828 1688,443 1688,052 1687,528 1687,16 1687,045 1686,782 1686,47 1686,165 1686,018 1685,458 1685,005 1684,49 1683,968 1683,262 1682,64 1682,188 1681,662 1681,218 1680,873 1680,463 1679,67 1678,953 1678,373 1677,897 1677,5 1677,01 1676,353 1675,95 1675,482 1674,848 1674,24 1673,732 1673,458 1672,715 1671,985 1671,37 1670,757 1670,415 1670,105 1669,575 1668,927 1668,386 1667,718 1666,97 1666,315 1665,715 1664,82 1664,245 1663,7 1662,833 1661,802 1661,248 1660,365 1660,119 1659,657 1659,203 1658,64 1657,813
1691,443 1691,172 1690,5 1690,272 1689,775 1689,607 1689,135 1688,71 1688,315 1688,222 1687,762 1687,43 1687,21 1687,017 1686,573 1686,222 1685,703 1685,04 1684,52 1683,807 1683,23 1682,835 1682,318 1682,042 1681,59 1680,775 1680,147 1679,593 1679,032 1678,6 1678,025 1677,695 1677,027 1676,44 1675,95 1675,435 1675,071 1674,358 1673,855 1673,16 1672,843 1672,17 1671,497 1671,042 1670,675 1670,41 1669,774 1669,042 1668,305 1667,538 1666,94 1666,065 1665,29 1664,755 1664,145 1662,953 1661,791 1661,393 1661,147 1660,71 1659,993 1659,552 1659,063 1658,983
1692,172 1691,665 1691,515 1691,118 1690,51 1690,305 1689,943 1689,74 1689,435 1688,95 1688,557 1688,2 1687,818 1687,607 1687,238 1686,97 1686,34 1685,825 1685,123 1684,693 1684,115 1683,518 1683,102 1682,782 1682,03 1681,438 1680,775 1680,203 1679,647 1679,355 1678,755 1678,14 1677,652 1677,047 1676,711 1676,143 1675,73 1675,1 1674,505 1674,177 1673,65 1672,611 1672,165 1671,9 1671,54 1670,863 1670,157 1669,496 1668,68 1668,02 1667,205 1666,54 1665,895 1665,427 1664,44 1663,133 1662,12 1661,896 1661,688 1661,155 1660,62 1660,492 1660,022 1659,311
1692,807 1692,438 1692,09 1691,848 1691,353 1691,08 1690,848 1690,355 1690,022 1689,885 1689,205 1688,75 1688,54 1688,297 1687,875 1687,72 1687,252 1686,613 1686,057 1685,463 1684,893 1684,287 1683,57 1683,297 1682,577 1682,02 1681,25 1680,768 1680,405 1679,763 1679,38 1678,677 1678,383 1677,868 1677,327 1676,73 1676,328 1675,745 1675,167 1674,575 1673,935 1673,255 1672,845 1672,55 1672,147 1671,277 1670,597 1670,015 1669,125 1668,412 1667,672 1666,905 1666,392 1665,31 1664,58 1663,649 1663,265 1662,8 1662,22 1661,552 1661,189 1660,968 1660,335 1659,823
1693,627 1693,267 1692,905 1692,927 1692,4 1691,94 1691,53 1691,245 1691 1690,573 1690,04 1689,55 1689,162 1689,052 1688,78 1688,47 1688,11 1687,427 1686,645 1686,147 1685,412 1684,875 1684,468 1683,943 1683,153 1682,438 1682,155 1681,522 1680,98 1680,5 1679,815 1679,367 1678,97 1678,307 1677,837 1677,56 1677,22 1676,33 1675,685 1675,297 1674,5 1673,991 1673,565 1673,212 1672,464 1671,77 1670,987 1670,287 1669,633 1668,718 1668,215 1667,614 1666,651 1665,471 1665,021 1664,813 1664,022 1663,453 1662,978 1662,332 1661,857 1661,287 1660,723 1660,123
1694,478 1694,127 1694,132 1693,699 1693,113 1692,515 1692,175 1691,92 1691,765 1691,628 1691,025 1690,455 1690,282 1689,748 1689,578 1689,208 1688,815 1688,142 1687,363 1686,748 1686,355 1685,775 1685,16 1684,585 1683,845 1683,403 1682,73 1682,195 1681,58 1681,052 1680,422 1680 1679,48 1678,95 1678,625 1678,07 1677,58 1676,99 1676,305 1675,892 1675,2 1674,7 1674,188 1673,625 1672,902 1672,025 1671,527 1670,665 1669,86 1669,241 1668,82 1668,189 1666,965 1665,373 1665,542 1665,176 1664,559 1664,073 1663,7 1663,137 1662,27 1661,87 1661,328 1660,542
1695,318 1694,985 1694,61 1694,358 1693,963 1693,563 1693,17 1692,792 1692,96 1692,305 1691,807 1691,268 1691,018 1690,688 1690,195 1689,922 1689,47 1688,713 1688,223 1687,425 1686,878 1686,453 1685,823 1685,2 1684,532 1683,785 1683,463 1682,663 1682,16 1681,395 1681,07 1680,65 1680,015 1679,47 1679,07 1678,704 1678,211 1677,507 1676,968 1676,328 1675,85 1675,42 1674,795 1673,995 1673,223 1672,392 1671,743 1670,935 1670,377 1669,94 1669,393 1668,465 1667,012 1666,468 1665,932 1665,713 1665,51 1664,811 1664,035 1663,313 1662,887 1662,475 1661,725 1661,035
