Scenarios/Scenario1/old/topofan.asc
ncols         223
nrows         229
xllcorner     660883,20357319
yllcorner     151239,80777477
cellsize      2,5
NODATA_value  -9999
[rows 145 to 173 of 229, columns 0 to 63 of 223]
0 0 0 0 0 0 0 0 0 0 0 0 0 0 0 2099,771 2099,741 2099,71 2099,679 2099,648 2099,658 2099,682 2099,707 2099,731 2099,755 2099,78 2099,804 2099,802 2099,748 2099,707 2099,806 2099,886 2098,583 2096,702 2094,633 2092,844 2091,635 2090,075 2088,583 2086,973 2085,185 2083,759 2082,1 2079,97 2078,498 2076,969 2075,3 2073,677 2071,712 2070,081 2068,637 2066,863 2064,732 2063,361 2061,462 2059,79 2057,825 2056,642 2056,12 2054,879 2053,22 2052,135 2050,342 2048,893
0 0 0 0 0 0 0 0 0 0 0 0 0 0 0 2099,779 2099,749 2099,718 2099,687 2099,656 2099,649 2099,673 2099,697 2099,722 2099,746 2099,77 2099,795 2099,82 2099,763 2099,722 2099,791 2099,881 2098,995 2096,74 2095,03 2093,57 2091,57 2090,365 2088,763 2087,291 2085,542 2084,268 2082,075 2081,04 2078,984 2077,452 2075,292 2073,998 2071,655 2069,93 2068,138 2066,652 2064,775 2063,135 2061,665 2060,206 2058,711 2057,36 2056,245 2054,845 2053,069 2051,811 2050,685 2049,257
0 0 0 0 0 0 0 0 0 0 0 0 0 0 0 0 2099,757 2099,726 2099,695 2099,665 2099,639 2099,664 2099,688 2099,712 2099,737 2099,761 2099,785 2099,81 2099,785 2099,737 2099,776 2099,87 2099,275 2097,647 2095,7 2093,835 2092,367 2090,677 2088,808 2087,448 2086,478 2085,052 2083,135 2081,252 2079,08 2077,35 2075,823 2074,112 2071,836 2069,6 2068,103 2066,62 2065,002 2063,18 2061,79 2060,07 2058,884 2057,4 2056,19 2054,479 2052,518 2050,495 2049,848 2048,324
0 0 0 0 0 0 0 0 0 0 0 0 0 0 0 0 2099,765 2099,734 2099,703 2099,673 2099,642 2099,655 2099,679 2099,703 2099,728 2099,752 2099,776 2099,801 2099,811 2099,753 2099,797 2099,858 2099,708 2098,215 2096,12 2094,515 2092,611 2091,018 2089,362 2087,882 2086,583 2084,968 2083,032 2081,125 2079,4 2077,462 2075,808 2073,542 2071,907 2069,982 2068,135 2066,577 2064,585 2063,317 2061,363 2059,522 2057,995 2056,88 2055,913 2054,813 2052,81 2051,075 2049,042 2048,139
0 0 0 0 0 0 0 0 0 0 0 0 0 0 0 0 2099,773 2099,742 2099,711 2099,681 2099,65 2099,645 2099,67 2099,694 2099,718 2099,743 2099,767 2099,791 2099,816 2099,769 2099,727 2099,843 2099,922 2098,35 2096,51 2094,775 2092,698 2090,99 2089,665 2088,198 2086,655 2084,38 2082,745 2080,675 2079,31 2076,887 2074,913 2072,97 2071,047 2069,643 2067,949 2066,382 2065,114 2063,195 2061,379 2059,72 2058,746 2057,205 2056,025 2054,495 2052,86 2051,15 2049,265 2048,512
0 0 0 0 0 0 0 0 0 0 0 0 0 0 0 0 2099,781 2099,75 2099,72 2099,689 2099,658 2099,636 2099,66 2099,685 2099,709 2099,733 2099,758 2099,782 2099,806 2099,794 2099,742 2099,828 2099,375 2098,245 2096,02 2094,427 2092,837 2091,702 2090,237 2088,34 2086,022 2084,272 2082,448 2080,185 2077,847 2076,022 2074,173 2072,583 2071,353 2069,85 2068,538 2067,304 2065,83 2064,032 2062,346 2060,406 2058,906 2057,265 2055,717 2053,68 2050,985 2050,167 2048,448 2047,414
0 0 0 0 0 0 0 0 0 0 0 0 0 0 0 0 0 2099,758 2099,728 2099,697 2099,666 2099,635 2099,651 2099,676 2099,7 2099,724 2099,749 2099,773 2099,797 2099,819 2099,757 2099,814 2099,768 2098,065 2096,522 2095,177 2093,925 2091,85 2090,292 2088,06 2085,868 2082,97 2081,167 2079,29 2077,748 2076,048 2074,023 2072,782 2071,557 2070,23 2068,49 2066,91 2065,49 2063,292 2061,465 2060,393 2058,882 2057,171 2055,754 2053,312 2051,385 2049,814 2048,413 2046,285
0 0 0 0 0 0 0 0 0 0 0 0 0 0 0 0 0 2099,767 2099,736 2099,705 2099,674 2099,644 2099,642 2099,666 2099,691 2099,715 2099,739 2099,764 2099,788 2099,812 2099,777 2099,852 2099,93 2098,735 2097,183 2095,37 2093,672 2091,745 2088,834 2086,53 2084,295 2082,89 2081,518 2080,235 2077,908 2075,75 2073,728 2072,357 2070,952 2069,317 2067,915 2066,438 2064,382 2062,539 2061,022 2059,922 2058,689 2057,861 2058,04 2057,708 2055,496 2054,98 2053,15 2048,597
0 0 0 0 0 0 0 0 0 0 0 0 0 0 0 0 0 2099,775 2099,744 2099,713 2099,682 2099,652 2099,633 2099,657 2099,681 2099,706 2099,73 2099,754 2099,779 2099,803 2099,802 2099,746 2099,899 2098,828 2096,72 2094,897 2092,305 2090,548 2088,12 2085,09 2083,497 2081,907 2080,98 2079,948 2078,054 2075,508 2074,825 2073,579 2071,87 2069,339 2067,525 2066,196 2064,837 2063,815 2061,789 2060,78 2060,179 2059,073 2060,282 2062,187 2062,623 2058,466 2058,206 2053,316
0 0 0 0 0 0 0 0 0 0 0 0 0 0 0 0 0 2099,783 2099,752 2099,721 2099,691 2099,66 2099,629 2099,648 2099,672 2099,697 2099,721 2099,745 2099,77 2099,794 2099,818 2099,761 2099,869 2098,343 2096,036 2094,065 2091,963 2089,823 2089,19 2086,818 2084,404 2082,387 2081,661 2079,652 2077,839 2077,42 2076,371 2074,41 2072,665 2070,615 2068,899 2067,32 2066,394 2064,636 2064,304 2063,285 2064,583 2072,949 2069,493 2066,56 2065,195 2062,478 2059,45 2055,153
0 0 0 0 0 0 0 0 0 0 0 0 0 0 0 0 0 0 2099,76 2099,729 2099,699 2099,668 2099,637 2099,638 2099,663 2099,687 2099,712 2099,736 2099,76 2099,785 2099,809 2099,786 2099,851 2097,982 2095,32 2093,328 2091,79 2090,92 2090,495 2088,288 2085,586 2084,363 2083,205 2080,955 2079,785 2078,499 2076,672 2074,721 2072,584 2070,397 2069,591 2068,934 2067,411 2066,617 2068,705 2072,782 2074,34 2078,978 2084,825 2074,752 2065,772 2061,692 2058,46 2055,215
0 0 0 0 0 0 0 0 0 0 0 0 0 0 0 0 0 0 2099,768 2099,737 2099,707 2099,676 2099,645 2099,629 2099,654 2099,678 2099,702 2099,727 2099,751 2099,775 2099,8 2099,811 2099,906 2097,929 2096,465 2094,862 2092,522 2092,538 2091,154 2089,032 2086,795 2085,701 2084,292 2082,206 2080,792 2079,013 2076,395 2074,43 2073,22 2072,138 2071,917 2072,306 2071,069 2073,29 2075,277 2081,666 2086,955 2087,95 2087,443 2078,449 2064,898 2062,551 2059,591 2055,539
0 0 0 0 0 0 0 0 0 0 0 0 0 0 0 0 0 0 2099,776 2099,746 2099,715 2099,684 2099,653 2099,623 2099,645 2099,669 2099,693 2099,718 2099,742 2099,766 2099,791 2099,815 2099,769 2098,52 2098,014 2096,555 2095,453 2094,153 2092,513 2090,165 2087,732 2086,208 2085,121 2083,073 2081,101 2079,535 2077,53 2076,021 2078,016 2080,776 2082,113 2075,763 2076,406 2078,505 2083,92 2091,038 2092,323 2091,275 2088,304 2082,405 2066,712 2063,278 2060,056 2054,406
0 0 0 0 0 0 0 0 0 0 0 0 0 0 0 0 0 0 0 2099,754 2099,723 2099,692 2099,661 2099,631 2099,635 2099,659 2099,684 2099,708 2099,733 2099,757 2099,781 2099,806 2099,794 2099,823 2098,93 2097,353 2096,06 2094,297 2092,083 2090,238 2088,818 2087,214 2086,405 2084,515 2084,39 2085,674 2084,87 2082,698 2085,563 2087,158 2087,863 2082,318 2084,877 2087,438 2094,205 2094,845 2092,777 2090,472 2087,735 2071,985 2066,96 2063,567 2058,047 2052,342
0 0 0 0 0 0 0 0 0 0 0 0 0 0 0 0 0 0 0 2099,762 2099,731 2099,7 2099,67 2099,639 2099,626 2099,65 2099,675 2099,699 2099,723 2099,748 2099,772 2099,796 2099,819 2099,909 2098,922 2097,637 2095,718 2094,311 2092,464 2090,939 2089,88 2087,918 2087,313 2087,195 2088,246 2090,22 2091,43 2089,845 2090,863 2090,33 2087,305 2087,155 2089,889 2091,112 2095,461 2094,563 2092,674 2090,721 2079,93 2078,64 2066,692 2061,688 2057,722 2051,508
0 0 0 0 0 0 0 0 0 0 0 0 0 0 0 0 0 0 0 2099,77 2099,739 2099,708 2099,678 2099,647 2099,617 2099,641 2099,666 2099,69 2099,714 2099,739 2099,763 2099,787 2099,812 2099,887 2098,615 2097,35 2096,288 2095,238 2094,004 2092,39 2090,698 2089,463 2088,182 2088,751 2091,001 2093,597 2094,805 2094,837 2094,747 2093,958 2093,001 2093,19 2093,873 2096,71 2096,752 2095,605 2093,42 2088,542 2082,238 2072,297 2066,055 2061,87 2056,626 2052,046
0 0 0 0 0 0 0 0 0 0 0 0 0 0 0 0 0 0 0 2099,778 2099,747 2099,717 2099,686 2099,655 2099,624 2099,632 2099,656 2099,681 2099,705 2099,729 2099,754 2099,778 2099,802 2099,831 2099,347 2097,896 2096,361 2095,022 2094,073 2093,014 2091,885 2090,765 2090,345 2091,01 2093,13 2095,695 2097,645 2098,7 2098,625 2097,712 2098,01 2098,016 2098,787 2098,828 2098,765 2096,295 2088,304 2082,962 2078,243 2074,972 2065,653 2062,517 2060,228 2057,478
0 0 0 0 0 0 0 0 0 0 0 0 0 0 0 0 0 0 0 0 2099,755 2099,725 2099,694 2099,663 2099,632 2099,623 2099,647 2099,671 2099,696 2099,72 2099,744 2099,769 2099,793 2099,817 2099,415 2097,633 2096,465 2095,425 2094,366 2093,71 2093,047 2091,882 2092,782 2093,643 2095,343 2097,395 2099,32 2099,746 2099,521 2099,41 2099,251 2098,944 2099,025 2099,203 2099,524 2094,056 2085,955 2082,385 2079,73 2070,052 2065,985 2063,641 2062,952 2062,296
0 0 0 0 0 0 0 0 0 0 0 0 0 0 0 0 0 0 0 0 2099,763 2099,733 2099,702 2099,671 2099,64 2099,613 2099,638 2099,662 2099,687 2099,711 2099,735 2099,76 2099,784 2099,808 2099,565 2098,95 2097,66 2097,004 2096,112 2095,548 2094,713 2094,42 2094,723 2095,382 2096,825 2099,172 2099,332 2099,22 2099,158 2099,096 2099,033 2099,081 2098,9 2098,232 2098,629 2092,794 2084,117 2081,56 2075,222 2069,887 2069,38 2068,52 2066,203 2063,248
0 0 0 0 0 0 0 0 0 0 0 0 0 0 0 0 0 0 0 0 2099,771 2099,741 2099,71 2099,679 2099,649 2099,618 2099,628 2099,653 2099,677 2099,702 2099,726 2099,75 2099,775 2099,799 2099,934 2099,815 2099,379 2098,62 2098,114 2097,126 2097,145 2096,791 2097,025 2097,88 2099,13 2099,031 2098,969 2098,906 2098,844 2098,782 2098,72 2098,657 2098,691 2098,787 2097,439 2093,792 2086,32 2081,022 2074,927 2073,478 2074,8 2072,948 2069,337 2067,502
0 0 0 0 0 0 0 0 0 0 0 0 0 0 0 0 0 0 0 0 2099,78 2099,749 2099,718 2099,687 2099,657 2099,626 2099,619 2099,644 2099,668 2099,692 2099,717 2099,741 2099,765 2099,79 2099,812 2099,878 2099,748 2099,802 2099,852 2099,59 2099,055 2098,749 2099,384 2099,79 2099,514 2099,085 2098,655 2098,593 2098,531 2098,468 2098,406 2098,344 2098,281 2098,302 2098,398 2093,414 2087,841 2082,943 2080,9 2080,754 2079,728 2078,201 2077,435 2076,296
0 0 0 0 0 0 0 0 0 0 0 0 0 0 0 0 0 0 0 0 0 2099,757 2099,726 2099,696 2099,665 2099,634 2099,61 2099,634 2099,659 2099,683 2099,708 2099,732 2099,756 2099,781 2099,805 2099,907 2099,812 2099,772 2099,834 2099,879 2099,925 2099,971 2099,883 2099,698 2099,513 2099,327 2099,142 2098,969 2098,796 2098,624 2098,452 2098,177 2097,968 2097,905 2097,913 2092,929 2092,595 2090,167 2093,145 2090,323 2090,453 2090,11 2087,401 2084,83
0 0 0 0 0 0 0 0 0 0 0 0 0 0 0 0 0 0 0 0 0 2099,765 2099,734 2099,704 2099,673 2099,642 2099,611 2099,625 2099,649 2099,674 2099,698 2099,723 2099,747 2099,771 2099,796 2099,924 2099,875 2099,745 2099,816 2099,862 2099,907 2099,953 2099,959 2099,773 2099,588 2099,403 2099,218 2099,033 2098,847 2098,662 2098,477 2098,292 2098,107 2097,921 2097,736 2096,453 2096,469 2096,851 2096,95 2097,226 2098,85 2095,342 2093,804 2090,043
0 0 0 0 0 0 0 0 0 0 0 0 0 0 0 0 0 0 0 0 0 2099,773 2099,742 2099,712 2099,681 2099,65 2099,62 2099,616 2099,64 2099,665 2099,689 2099,713 2099,738 2099,762 2099,786 2099,801 2099,904 2099,808 2099,787 2099,844 2099,89 2099,935 2099,981 2099,849 2099,664 2099,479 2099,294 2099,108 2098,923 2098,738 2098,553 2098,368 2098,182 2097,997 2097,812 2096,732 2096,156 2096,138 2097,151 2098,229 2099,037 2099,356 2096,525 2094,49
0 0 0 0 0 0 0 0 0 0 0 0 0 0 0 0 0 0 0 0 0 2099,781 2099,75 2099,72 2099,689 2099,658 2099,628 2099,607 2099,631 2099,655 2099,68 2099,704 2099,729 2099,753 2099,777 2099,8 2099,898 2099,872 2099,756 2099,826 2099,872 2099,917 2099,963 2099,925 2099,74 2099,554 2099,369 2099,184 2098,999 2098,814 2098,628 2098,443 2098,258 2098,073 2097,888 2097,011 2096,337 2096,319 2096,301 2096,282 2097,563 2099,019 2099,436 2096,934
0 0 0 0 0 0 0 0 0 0 0 0 0 0 0 0 0 0 0 0 0 0 2099,759 2099,728 2099,697 2099,666 2099,636 2099,605 2099,622 2099,646 2099,67 2099,695 2099,719 2099,744 2099,768 2099,792 2099,909 2099,9 2099,805 2099,803 2099,854 2099,9 2099,945 2099,953 2099,815 2099,63 2099,445 2099,26 2099,075 2098,889 2098,704 2098,519 2098,334 2098,149 2097,963 2097,29 2096,518 2096,5 2096,482 2096,463 2096,445 2096,521 2097,976 2096,797
0 0 0 0 0 0 0 0 0 0 0 0 0 0 0 0 0 0 0 0 0 0 2099,767 2099,736 2099,705 2099,675 2099,644 2099,613 2099,613 2099,637 2099,661 2099,686 2099,71 2099,734 2099,759 2099,783 2099,791 2099,874 2099,868 2099,772 2099,836 2099,882 2099,928 2099,973 2099,891 2099,706 2099,521 2099,335 2099,15 2098,965 2098,78 2098,595 2098,409 2098,224 2098,039 2097,569 2096,676 2096,681 2096,663 2096,644 2096,626 2096,608 2096,59 2096,933
0 0 0 0 0 0 0 0 0 0 0 0 0 0 0 0 0 0 0 0 0 0 2099,775 2099,744 2099,713 2099,683 2099,652 2099,621 2099,603 2099,628 2099,652 2099,677 2099,701 2099,725 2099,75 2099,774 2099,789 2099,907 2099,897 2099,802 2099,818 2099,864 2099,91 2099,956 2099,918 2099,782 2099,596 2099,411 2099,226 2099,041 2098,856 2098,67 2098,485 2098,3 2098,115 2097,848 2096,73 2096,862 2096,844 2096,825 2096,807 2096,789 2096,771 2096,752
0 0 0 0 0 0 0 0 0 0 0 0 0 0 0 0 0 0 0 0 0 0 2099,783 2099,752 2099,721 2099,691 2099,66 2099,629 2099,599 2099,618 2099,643 2099,667 2099,691 2099,716 2099,74 2099,765 2099,787 2099,895 2099,612 2099,865 2099,788 2099,846 2099,892 2099,938 2099,944 2099,857 2099,672 2099,487 2099,302 2099,116 2098,931 2098,746 2098,561 2098,376 2098,19 2098,025 2096,785 2097,043 2097,024 2097,006 2096,988 2096,97 2096,951 2096,948
