Scenarios/Scenario1/old/topofan.asc
ncols         223
nrows         229
xllcorner     660883,20357319
yllcorner     151239,80777477
cellsize      2,5
NODATA_value  -9999
[rows 116 to 144 of 229, columns 64 to 127 of 223]
2025,575 2024,095 2022,945 2021,964 2021,058 2020,135 2018,981 2017,487 2016,495 2015,007 2014,163 2013,31 2012,516 2011,672 2010,38 2009,612 2008,615 2007,44 2006,34 2005,292 2004,507 2003,238 2002,427 2001,115 2000,032 1999,155 1998,155 1997,012 1996,047 1994,713 1993,585 1992,837 1991,455 1989,927 1989,1 1987,72 1986,613 1985,548 1984,196 1983,064 1982,097 1980,573 1979,535 1978,625 1977,191 1976,147 1975,238 1973,989 1972,83 1971,745 1970,958 1970,035 1968,595 1967,421 1966,905 1966,625 1966,125 1965,348 1963,345 1961,955 1961,095 1960,105 1959,54 1958,565
2026,335 2024,978 2023,905 2022,53 2021,762 2020,503 2019,505 2018,573 2017,463 2016,075 2015,171 2014,281 2013,494 2012,425 2011,323 2010,155 2009,35 2008,137 2006,998 2006,203 2005,055 2004,172 2003,225 2002,113 2001,208 1999,953 1998,42 1997,557 1996,542 1995,295 1994,243 1993,172 1991,96 1990,737 1989,325 1988,127 1987,03 1985,713 1984,655 1983,414 1982,46 1980,99 1980,04 1978,695 1977,654 1976,645 1975,542 1974,44 1973,482 1972,755 1971,552 1970,302 1968,926 1968,792 1968,327 1967,432 1966,21 1964,705 1963,73 1962,334 1961,828 1960,65 1959,625 1958,775
2027,135 2025,814 2024,87 2023,66 2022,724 2021,402 2019,9 2019,26 2018,19 2017,36 2016,5 2015,203 2014,348 2013,415 2012,372 2010,887 2009,86 2008,79 2007,935 2007,04 2005,752 2004,675 2003,868 2002,768 2001,923 2000,552 1999,137 1998,313 1996,989 1996,068 1994,695 1993,647 1992,289 1990,863 1989,448 1988,265 1987,135 1986,164 1984,858 1983,88 1982,563 1981,297 1980,367 1979,238 1977,963 1976,924 1976,145 1974,705 1973,922 1973,032 1971,809 1970,3 1969,865 1969,723 1969,522 1968,612 1966,455 1965,04 1963,98 1962,673 1961,505 1960,693 1959,723 1958,545
2028,162 2026,762 2025,647 2024,655 2023,298 2022,157 2021,369 2019,8 2018,739 2018,112 2016,992 2015,948 2014,991 2013,943 2013,242 2011,693 2010,662 2009,625 2008,7 2007,677 2006,779 2005,646 2004,502 2003,535 2002,476 2001,004 1999,67 1998,72 1997,534 1996,835 1995,58 1993,907 1992,735 1991,561 1989,88 1988,738 1987,271 1986,45 1985,272 1983,958 1982,927 1981,887 1980,713 1979,443 1978,627 1977,236 1976,385 1975,667 1974,568 1973,347 1971,81 1970,85 1970,915 1970,545 1969,787 1967,912 1966,522 1964,88 1963,438 1962,427 1961,363 1960,33 1959,52 1958,528
2028,939 2027,963 2026,453 2025,53 2024,333 2022,964 2021,848 2020,758 2019,97 2018,718 2017,85 2016,912 2015,995 2014,81 2013,56 2012,311 2011,285 2010,623 2009,4 2008,4 2007,19 2006,377 2005,463 2004,272 2003,238 2001,672 2000,667 1999,578 1998,307 1996,981 1995,893 1994,205 1993,134 1992,016 1990,535 1989,257 1987,885 1986,755 1985,363 1984,47 1983,42 1982,08 1981,172 1980,037 1979,078 1978,185 1977,8 1976,468 1974,94 1973,177 1971,895 1971,877 1971,448 1971,028 1969,915 1967,87 1966,357 1964,91 1963,755 1962,603 1961,488 1960,588 1959,57 1958,032
2030,233 2028,72 2027,21 2026,578 2025,287 2023,681 2022,843 2021,545 2020,738 2019,799 2018,6 2017,597 2016,647 2015,468 2014,46 2013,542 2012,27 2011,282 2010,04 2009,235 2008,272 2007,504 2006,66 2004,97 2003,513 2002,583 2001,32 2000,135 1998,75 1997,36 1996,323 1995,133 1993,695 1992,435 1991,4 1989,637 1988,375 1987,287 1986,26 1984,855 1983,759 1982,502 1981,492 1980,29 1979,409 1978,682 1977,17 1975,595 1974,905 1973,725 1972,958 1972,525 1971,802 1970,085 1968,813 1967,54 1966,188 1964,795 1963,834 1963,33 1962,383 1961,127 1959,917 1958,382
2030,972 2029,542 2028,516 2027,282 2025,813 2024,605 2023,912 2022,723 2021,893 2020,643 2019,568 2018,502 2017,453 2016,27 2014,89 2014,19 2013,012 2012,212 2010,94 2010,017 2008,892 2008,455 2007,149 2005,657 2004,539 2003,113 2002,124 2000,476 1999,04 1998,012 1996,467 1995,422 1994,095 1992,443 1991,241 1990,01 1988,92 1987,695 1986,559 1985,527 1984,032 1983,321 1981,853 1980,981 1979,807 1978,13 1976,97 1976,065 1975,512 1974,804 1973,728 1972,762 1971,568 1969,895 1968,825 1967,823 1966,532 1965,694 1964,478 1963,646 1962,007 1960,868 1960,05 1958,975
2031,508 2030,28 2029,032 2027,91 2026,738 2025,701 2024,504 2023,847 2022,47 2021,52 2020,545 2019,05 2018,463 2017,245 2016,085 2014,945 2013,785 2012,603 2011,603 2010,84 2009,708 2008,55 2007,599 2006,223 2005,115 2003,585 2002,392 2001,188 1999,565 1998,14 1996,973 1995,741 1994,407 1993,073 1991,732 1990,384 1989,695 1988,354 1986,917 1985,782 1984,333 1983,193 1982,26 1981,149 1979,643 1978,76 1978,182 1977,789 1977,06 1975,65 1974,65 1973,385 1971,528 1970,213 1968,875 1967,912 1966,621 1965,896 1964,902 1963,748 1962,443 1961,409 1960,292 1959
2032,165 2031,017 2029,875 2028,393 2027,603 2026,57 2025,518 2024,249 2023,488 2022,243 2021,078 2020,129 2018,818 2018 2016,849 2015,575 2014,427 2013,573 2012,315 2011,488 2010,13 2009,32 2007,91 2006,731 2005,355 2004,213 2002,742 2001,608 2000,208 1998,478 1997,46 1996,004 1994,339 1993,413 1992,179 1991,445 1990,013 1988,698 1987,455 1986,167 1984,899 1983,726 1981,978 1980,976 1979,97 1979,682 1979,425 1978,422 1977,585 1976,365 1975,77 1974,385 1972,272 1970,688 1969,76 1968,62 1967,45 1966,338 1965,042 1963,545 1962,688 1961,685 1960,569 1959,244
2033,167 2032,088 2030,879 2029,237 2028,044 2027,257 2026,037 2025,332 2024,515 2023,208 2022,142 2020,828 2019,743 2018,72 2017,195 2016,25 2015,235 2014,228 2013,117 2012,078 2011,07 2009,488 2008,11 2007,027 2006,11 2004,623 2003,315 2001,885 2000,44 1999,148 1997,9 1996,715 1994,743 1993,92 1992,805 1991,935 1990,792 1989,055 1987,661 1986,298 1984,727 1983,313 1982,213 1981,518 1981,195 1980,713 1979,95 1978,797 1977,954 1977,545 1976,333 1974,589 1972,555 1970,75 1969,005 1968,282 1967,499 1966,698 1965,38 1963,871 1962,57 1961,566 1960,19 1959,145
2034,355 2033,257 2031,203 2030,457 2029,672 2028,698 2027,498 2026,243 2025,318 2023,995 2022,8 2021,708 2020,41 2019,433 2018,27 2017,068 2015,72 2015,07 2013,931 2012,877 2011,468 2010,107 2008,583 2007,645 2006,16 2005,091 2003,537 2002,595 2001,372 1999,667 1998,185 1996,787 1995,463 1994,177 1993,302 1991,858 1990,751 1988,615 1987,15 1985,508 1984,551 1983,755 1983,022 1982,79 1981,95 1980,765 1980,032 1979,28 1978,231 1977,603 1976,175 1974,858 1972,385 1970,41 1968,828 1967,642 1966,801 1965,733 1964,821 1963,682 1962,879 1961,524 1960,07 1958,823
2035,057 2033,571 2032,355 2031,182 2030,44 2029,245 2028,676 2027,325 2025,977 2024,652 2023,402 2022,225 2021,208 2020,105 2018,917 2017,917 2016,951 2015,757 2014,104 2012,863 2011,97 2010,252 2009,371 2007,958 2006,752 2005,147 2003,85 2002,465 2001,333 1999,943 1998,388 1997,478 1996,198 1994,93 1993,127 1991,515 1989,703 1988,439 1987,382 1986,552 1985,821 1985,068 1984,445 1983,233 1981,723 1980,471 1979,772 1979,012 1978,208 1976,995 1975,522 1974,057 1972,171 1970,897 1969,489 1968,25 1966,813 1965,622 1964,555 1963,633 1962,295 1961,521 1959,838 1959,23
2035,77 2034,59 2033,665 2031,99 2031,12 2030,02 2029,145 2027,935 2026,647 2025,3 2023,963 2022,92 2021,765 2020,483 2019,74 2018,46 2017,12 2016,189 2014,95 2013,503 2012,11 2011,495 2009,833 2008,794 2007,242 2005,968 2004,515 2002,735 2001,307 2000,302 1998,892 1997,44 1996,44 1994,94 1993,5 1991,609 1989,932 1989,265 1988,323 1987,675 1986,427 1985,318 1984,09 1982,519 1981,36 1980,157 1979,193 1978,287 1977,175 1976,057 1974,828 1972,95 1971,46 1970,284 1969,363 1968,243 1967,098 1966,276 1965,14 1963,843 1962,765 1961,59 1960,375 1959,677
2037,006 2035,854 2034,343 2033,145 2031,883 2031,052 2029,785 2028,795 2027,584 2026,359 2025,075 2023,778 2022,677 2021,425 2020,103 2019,059 2017,775 2016,677 2015,487 2014,357 2013,318 2012,167 2010,925 2009,143 2007,755 2006,348 2004,814 2003,195 2001,887 1999,9 1998,105 1996,94 1996,24 1993,943 1992,968 1991,87 1991,165 1990,505 1989,44 1987,628 1986,37 1984,772 1983,172 1981,888 1980,601 1979,32 1978,2 1977,075 1975,948 1975,182 1973,65 1972,535 1970,995 1969,782 1968,794 1967,537 1966,738 1965,58 1964,78 1963,675 1962,13 1961,2 1960,02 1958,948
2037,7 2036,76 2035,531 2034,089 2033,057 2031,629 2030,59 2029,465 2028,373 2026,67 2025,694 2024,357 2023,292 2021,907 2021,088 2019,93 2018,672 2017,475 2016,272 2015,21 2013,741 2012,406 2010,783 2008,934 2007,262 2005,932 2004,28 2002,948 2001,875 2000,175 1998,785 1997,437 1995,924 1995,001 1993,785 1993,093 1992,093 1990,723 1989,035 1987,392 1985,881 1984,331 1983,205 1981,873 1980,43 1979,27 1978,144 1976,823 1976,06 1974,85 1973,505 1972,395 1971,21 1969,499 1968,578 1967,47 1966,287 1965,213 1964,235 1963,105 1961,555 1960,5 1959,755 1958,662
2038,807 2037,54 2036,267 2035,083 2033,968 2032,478 2031,593 2030,583 2029,214 2027,983 2026,801 2025,315 2023,788 2022,61 2021,779 2020,505 2019,25 2018,05 2016,962 2015,492 2013,537 2011,762 2010,133 2008,078 2006,59 2004,98 2004,131 2003,052 2001,875 2001,116 1999,904 1998,597 1997,203 1995,973 1995,039 1993,402 1992,018 1990,37 1988,6 1987,233 1986,022 1984,605 1983,2 1982,039 1980,46 1979,425 1978,118 1977,047 1975,948 1974,792 1973,713 1972,313 1970,997 1969,963 1968,787 1967,92 1966,588 1965,368 1963,9 1962,71 1961,68 1960,68 1959,073 1958,52
2039,907 2038,505 2036,823 2035,632 2034,623 2033,49 2032,157 2031,321 2029,76 2028,805 2027,4 2025,903 2024,813 2023,232 2022,42 2020,96 2019,816 2018,305 2017,05 2015,785 2013,639 2011,284 2009,491 2007,418 2006,301 2005,355 2004,532 2003,581 2002,461 2001,439 2000,45 1998,642 1997,563 1995,742 1994,618 1993,12 1992,055 1990,444 1988,829 1987,492 1985,986 1984,545 1983,305 1982,059 1981,022 1979,59 1978,491 1976,972 1975,856 1974,617 1973,55 1972,015 1970,596 1969,96 1968,897 1967,51 1966,853 1965,738 1964,43 1963,335 1961,721 1960,938 1959,748 1958,39
2040,704 2039,321 2037,728 2036,585 2035,49 2034,251 2033,37 2032,21 2030,962 2029,52 2027,427 2025,91 2024,281 2022,795 2021,57 2020,045 2018,792 2017,478 2016,399 2015,17 2012,812 2011,021 2009,591 2008,343 2007,255 2006,305 2005,059 2004,238 2002,948 2001,67 2000,116 1998,61 1997,172 1995,578 1994,162 1992,865 1991,6 1989,902 1988,705 1987,19 1986,03 1984,785 1983,962 1982,583 1981,47 1979,875 1978,725 1977,08 1976,083 1974,76 1973,686 1972,285 1970,973 1970,165 1968,844 1967,934 1967,103 1966,163 1964,593 1962,89 1962,114 1960,738 1960,008 1958,955
2041,557 2039,555 2038,99 2037,362 2036,175 2035,26 2034,086 2032,63 2030,772 2028,205 2026,85 2025,054 2023,834 2022,657 2021,285 2020,246 2018,543 2016,955 2015,919 2014,262 2012,835 2011,504 2010,485 2009,575 2008,365 2006,901 2005,65 2004,563 2003,071 2001,385 1999,732 1997,828 1996,719 1995,092 1993,758 1992,347 1991,348 1990,28 1989,008 1987,77 1986,693 1985,542 1984,278 1983,28 1982,071 1980,68 1979,475 1978,065 1977,14 1975,715 1974,34 1972,688 1971,937 1970,642 1969,26 1968,059 1966,758 1965,802 1964,62 1963,427 1962,575 1961,825 1960,985 1960,11
2042,067 2040,807 2039,775 2038,557 2036,972 2035,676 2033,73 2031,665 2029,687 2027,965 2026,502 2025,203 2024,263 2023,225 2022,348 2021,297 2019,002 2017,685 2016,353 2014,786 2013,568 2012,55 2011,358 2010,185 2008,63 2007,412 2005,92 2005,275 2003,912 2002,162 2000,49 1998,595 1997,25 1995,417 1993,79 1992,775 1991,887 1990,848 1989,483 1988,653 1987,391 1986,748 1985,64 1984,598 1983,488 1981,977 1980,71 1979,348 1978,637 1977,307 1975,756 1974,402 1973,188 1971,615 1969,925 1968,841 1967,495 1966,686 1965,53 1964,465 1963,43 1962,7 1961,752 1960,72
2042,542 2041,66 2040,5 2038,728 2037,083 2035,09 2032,884 2031,295 2029,68 2028,55 2027,414 2026,255 2025,965 2024,343 2023,825 2022,825 2021,115 2019,236 2018,27 2016,65 2015,44 2013,758 2012,365 2010,728 2009,77 2008,6 2007,258 2005,943 2004,22 2003,002 2001,573 1999,55 1997,897 1996,075 1995,016 1994,118 1993,045 1991,908 1991,057 1990,377 1988,732 1987,19 1986,478 1985,265 1983,742 1982,863 1981,583 1980,833 1979,37 1978,236 1976,932 1975,532 1974,022 1972,922 1971,33 1970,057 1968,623 1967,32 1966,438 1965,262 1963,882 1963,046 1962,223 1961,063
2043,157 2041,989 2040,6 2038,617 2036,758 2034,816 2032,81 2031,755 2030,708 2029,71 2029,69 2028,33 2027,642 2026,537 2025,255 2024,008 2022,645 2021,055 2019,345 2018,064 2016,139 2014,952 2013,833 2011,676 2010,358 2008,814 2006,859 2005,386 2004,135 2002,664 2002,03 2000,677 1998,507 1997,101 1995,97 1995,03 1993,715 1992,818 1991,958 1991,206 1989,695 1988,307 1987,071 1986,387 1985,238 1984,213 1983,117 1982,03 1980,64 1978,887 1977,68 1976,167 1974,455 1973,424 1971,96 1970,323 1969,223 1967,516 1966,585 1965,425 1963,606 1962,802 1962,167 1960,728
2044,521 2042,718 2040,907 2038,91 2036,845 2034,744 2033,475 2032,802 2032,547 2032,272 2031,147 2029,625 2028,41 2027,458 2026,334 2024,972 2023,378 2021,6 2020,328 2018,698 2017,333 2015,69 2013,823 2012,175 2010,422 2008,44 2006,927 2005,111 2004,035 2003,331 2001,805 2000,705 1998,992 1997,868 1996,785 1995,677 1993,623 1992,89 1991,835 1991,167 1990,238 1988,378 1987,313 1986,481 1985,845 1985,135 1983,915 1982,58 1980,729 1979,345 1977,77 1976,813 1975,076 1973,703 1972,394 1970,879 1969,278 1967,805 1966,131 1964,87 1963,887 1962,495 1961,647 1960,328
2044,917 2043,463 2041,59 2038,9 2037,047 2035,843 2034,885 2034,535 2033,625 2033,29 2032,106 2030,873 2029,245 2027,505 2026,492 2024,845 2023,215 2022,09 2020,76 2019,125 2017,515 2015,672 2014,052 2012,475 2010,19 2008,225 2006,801 2006,135 2005,015 2003,894 2002,583 2001,078 1999,903 1998,502 1997,255 1995,575 1993,943 1992,492 1991,425 1990,446 1989,445 1988,29 1987,113 1986,193 1985,406 1984,789 1983,972 1982,57 1981,065 1979,557 1977,713 1976,385 1974,797 1973,547 1971,228 1969,75 1968,565 1967,23 1966,083 1964,705 1963,385 1961,706 1960,525 1959,365
2044,147 2042,8 2041,375 2039,957 2038,068 2037,152 2036,04 2035,371 2034,133 2032,769 2031,41 2030,295 2028,849 2027,482 2025,853 2024,305 2023,037 2021,248 2020,29 2018,91 2017,142 2015,493 2014,009 2012,855 2010,765 2008,945 2007,542 2006,245 2004,588 2003,559 2002,685 2001,402 1999,893 1998,863 1997,355 1996,002 1993,988 1992,606 1991,362 1990,574 1989,765 1988,667 1987,425 1986,318 1985,182 1984,14 1983,385 1982,26 1980,995 1979,105 1977,498 1975,841 1974,022 1972,387 1970,186 1968,95 1967,825 1966,875 1965,605 1964,022 1962,785 1961,235 1960,143 1959,07
2044,094 2042,823 2041,667 2040,305 2039,738 2038,63 2037,28 2035,838 2034,657 2033,067 2031,177 2029,946 2028,62 2027,463 2025,737 2024,313 2022,51 2020,75 2019,167 2018,095 2016,89 2015,649 2013,897 2012,815 2011,153 2009,615 2008,708 2006,698 2004,692 2003,33 2002,115 2001,167 1999,938 1998,38 1996,83 1995,025 1993,992 1993,035 1991,611 1990,525 1989,506 1988,227 1987,106 1986,135 1984,772 1983,411 1982,003 1981,172 1980,055 1978,657 1977,295 1975,858 1974,01 1972,122 1969,835 1968,698 1967,557 1966,397 1965,43 1964,06 1962,988 1961,873 1960,598 1959,296
2044,515 2043,363 2042,71 2041,887 2040,65 2039,025 2037,521 2035,839 2034,43 2033,01 2031,873 2030,047 2028,81 2027,51 2025,915 2024,706 2023,163 2020,779 2019,314 2017,755 2016,417 2015,34 2014,125 2012,662 2011,551 2010,06 2008,85 2006,58 2005,09 2003,549 2002,292 2001,392 2000,378 1999,242 1996,532 1994,999 1993,67 1992,585 1991,815 1990,774 1989,545 1988,095 1986,915 1985,15 1983,709 1982,015 1980,87 1979,725 1979,167 1978,004 1976,695 1975,587 1973,69 1971,71 1970,64 1968,588 1967,545 1966,344 1965,356 1964,518 1963,425 1962,297 1961,223 1960,321
2046,255 2044,925 2044,061 2042,787 2040,88 2039,119 2037,575 2036,218 2034,722 2033,598 2032,173 2030,537 2029,235 2027,866 2026,292 2024,775 2023,143 2021,597 2019,463 2017,88 2016,529 2015,48 2013,982 2012,807 2011,333 2009,393 2008,037 2006,347 2004,594 2003,09 2001,772 2000,649 2000,282 1999,762 1997,535 1995,1 1993,657 1992,16 1990,955 1990,297 1989,448 1988,155 1986,981 1985,445 1984,315 1982,708 1980,929 1979,286 1977,927 1977,208 1975,856 1974,845 1973,378 1971,762 1970,605 1968,883 1967,475 1966,193 1965,161 1964,088 1963,042 1962,578 1961,709 1960,704
2047,025 2045,588 2043,998 2042,705 2040,695 2038,988 2037,713 2036,52 2035,174 2034,035 2032,67 2031,063 2029,12 2027,925 2026,065 2024,637 2023,345 2021,877 2019,657 2017,88 2016,382 2014,993 2013,958 2013 2011,072 2009,075 2007,318 2006,085 2004,578 2002,714 2001,594 2000,191 1999,58 1999,552 1999,465 1996,491 1993,821 1992,33 1990,797 1989,787 1989,43 1988,411 1987,276 1986,326 1985,405 1983,637 1981,9 1978,843 1976,672 1976,219 1975,318 1974,147 1972,917 1971,915 1970,878 1969,229 1967,87 1966,475 1965,468 1963,978 1962,609 1961,435 1960,805 1960,098
