Scenarios/Scenario1/old/topofan.asc
ncols         223
nrows         229
xllcorner     660883,20357319
yllcorner     151239,80777477
cellsize      2,5
NODATA_value  -9999
[rows 116 to 144 of 229, columns 128 to 191 of 223]
1957,5 1956,879 1956,038 1956,105 1955,448 1955,159 1954,765 1954,552 1954,297 1953,821 1952,875 1951,903 1951,657 1951,297 1950,607 1949,588 1948,756 1947,653 1946,6 1946,166 1946,298 1945,714 1944,705 1944,614 1944,351 1944,176 1943,115 1942,21 1940,759 1939,895 1938,98 1938,84 1938,455 1938,03 1937,78 1937,85 1939,292 1939,345 1940,11 1940,215 1939,993 1939,405 1938,9 1938,833 1939,164 1938,478 1937,475 1938,203 1938,835 1938,855 1939,105 1938,354 1938,025 1937,938 1938,528 1938,175 1937,97 1938,023 1937,892 1937,615 1937,305 1936,92 1936,231 1936,127
1958,098 1957,147 1956,175 1955,33 1954,767 1954,711 1954,328 1953,877 1953,49 1953,31 1952,39 1951,542 1951,227 1950,938 1950,208 1949,29 1948,495 1948,047 1946,535 1945,542 1944,95 1944,927 1944,578 1944,158 1943,907 1943,879 1942,897 1941,924 1941,228 1939,873 1939,029 1938,715 1938,055 1937,794 1937,531 1937,384 1937,603 1937,562 1938,673 1939,159 1939,604 1939,19 1938,895 1938,485 1938,18 1937,834 1936,76 1937,103 1938,22 1938,3 1938,363 1937,532 1936,98 1937,055 1937,318 1937,33 1937,234 1937,105 1936,714 1936,859 1936,733 1936,438 1936,182 1935,672
1957,535 1956,634 1956,36 1955,48 1954,767 1954,36 1954,157 1953,528 1953,007 1952,422 1951,755 1951,32 1950,634 1950,242 1949,5 1949,02 1948,385 1947,429 1946,525 1945,596 1944,675 1943,642 1944,017 1943,91 1943,648 1943,427 1943,315 1942,33 1941,458 1940,672 1939,482 1938,328 1937,698 1937,48 1937,075 1936,535 1936,251 1936,176 1936,748 1938,018 1938,515 1938,306 1938,177 1937,485 1937,006 1936,802 1936,222 1936,26 1937,233 1937,545 1937,145 1936,86 1936,262 1935,926 1936,188 1935,988 1936,485 1936,48 1936,282 1935,72 1935,76 1935,54 1935,119 1934,823
1957,53 1956,32 1955,37 1954,917 1954,493 1953,892 1953,63 1953,325 1952,652 1951,895 1951,105 1950,103 1949,778 1949,231 1948,597 1948,478 1947,927 1947,647 1946,876 1945,45 1944,746 1943,667 1943,307 1943,296 1943,241 1942,983 1942,932 1942,932 1941,943 1940,873 1939,993 1938,708 1937,765 1937,343 1936,759 1936,078 1935,595 1935,375 1935,292 1935,629 1936,537 1937,728 1937,453 1936,79 1936,385 1936,213 1935,785 1935,805 1936,682 1936,547 1936,027 1935,595 1935,225 1935,054 1935,05 1935,487 1935,678 1935,586 1935,338 1935,15 1934,911 1934,9 1934,565 1934,235
1957,047 1956,432 1955,13 1954,383 1954,02 1953,67 1953,232 1953,182 1952,653 1951,532 1950,938 1949,554 1949,08 1948,584 1948,2 1947,502 1947,563 1947,287 1946,622 1945,848 1944,695 1943,72 1943,045 1942,655 1942,777 1942,627 1942,542 1942,445 1942,578 1941,336 1940,569 1939,667 1937,785 1937,248 1936,748 1935,961 1935,536 1935,053 1934,71 1934,926 1935,198 1937,061 1937,455 1937,007 1936,195 1935,917 1935,412 1935,485 1935,927 1935,473 1935,045 1934,963 1934,425 1934,25 1933,98 1934,681 1934,591 1934,34 1934,555 1934,236 1933,98 1934,199 1933,857 1933,085
1957,482 1956,432 1955,397 1954,443 1953,723 1953,32 1952,805 1952,397 1951,853 1951,37 1950,512 1949,63 1948,941 1948,23 1947,684 1947,045 1946,73 1946,348 1946,235 1945,843 1945,051 1943,879 1943,154 1942,277 1941,998 1941,887 1941,998 1941,89 1941,951 1941,497 1941,038 1939,895 1937,825 1937,05 1936,71 1936,203 1935,484 1934,763 1934,458 1934,527 1934,813 1935,713 1936,66 1936,258 1936,28 1935,805 1935,17 1934,76 1934,608 1934,53 1934,347 1934,22 1933,654 1933,383 1933,337 1933,735 1933,618 1932,953 1933,145 1933,063 1933,282 1933,151 1932,647 1932,195
1957,544 1956,78 1955,531 1954,468 1954,04 1953,395 1952,768 1951,911 1951,08 1950,69 1950,313 1949,633 1948,853 1948,34 1947,772 1947,195 1946,787 1946,253 1945,84 1945,776 1945,08 1944,254 1943,578 1942,472 1941,6 1941,18 1941,23 1941,325 1941,225 1941,152 1940,947 1940,407 1938,755 1936,395 1935,802 1935,598 1934,619 1934,066 1934,065 1933,895 1933,944 1934,884 1935,8 1935,633 1935,842 1935,605 1935,045 1934,38 1934,161 1933,635 1933,49 1933,079 1932,318 1932,267 1932,522 1933,195 1932,555 1932,343 1931,612 1932,025 1931,667 1931,945 1931,509 1931,165
1957,299 1956,715 1955,77 1954,588 1953,54 1952,806 1951,607 1951,2 1950,405 1950,09 1949,575 1949,155 1948,577 1947,83 1947,252 1947,004 1946,639 1946,143 1945,728 1945,32 1944,873 1944,652 1943,573 1942,504 1941,137 1940,598 1940,317 1940,329 1940,522 1940,119 1940,144 1939,899 1938,616 1937,204 1935,725 1934,858 1933,766 1933,355 1933,463 1933,097 1933,838 1934,893 1935,126 1934,872 1934,8 1934,938 1934,698 1934,223 1933,881 1933,21 1932,57 1932,249 1931,647 1931,397 1931,909 1932,235 1931,432 1930,703 1930,84 1930,782 1930,457 1930,441 1930,333 1930,297
1957,765 1956,943 1955,412 1954,795 1954,14 1953,232 1952,545 1951,615 1950,858 1950,08 1949,315 1948,552 1948,165 1947,458 1946,838 1946,055 1945,315 1945,565 1945,435 1944,899 1944,26 1944,041 1943,463 1942,655 1941,237 1940,663 1939,887 1939,584 1939,507 1939,012 1939,137 1938,682 1938,005 1937,271 1936 1934,708 1933,401 1932,838 1932,733 1933,066 1933,504 1934,002 1934,438 1934,6 1934,082 1934,22 1934,415 1933,823 1933,382 1932,89 1932,15 1931,715 1931,522 1931,208 1931,532 1931,611 1930,619 1930,409 1929,283 1928,541 1928,541 1928,573 1929,007 1929,094
1957,542 1956,588 1956,047 1955,92 1954,617 1953,657 1952,807 1951,83 1950,828 1950,08 1949,142 1948,59 1948,132 1947,975 1947,557 1946,667 1945,402 1944,802 1944,728 1944,488 1944,278 1943,74 1943,022 1942,181 1941,438 1940,75 1939,858 1938,853 1938,726 1938,662 1938,162 1937,758 1937,902 1937,63 1936,858 1936,088 1934,587 1932,72 1932,436 1932,768 1933,065 1933,172 1933,251 1932,904 1933,33 1933,46 1933,891 1933,905 1933,343 1932,555 1931,89 1931,433 1931,05 1930,792 1931,13 1930,827 1930,528 1929,983 1928,825 1927,891 1927,537 1927,632 1927,665 1927,782
1957,951 1957,858 1956,983 1955,983 1954,155 1953,125 1951,94 1951,14 1950,125 1949,1 1948,438 1947,877 1947,412 1947,277 1947,282 1946,522 1945,147 1944,12 1943,613 1943,363 1943,757 1943,802 1943,1 1942,167 1941,677 1940,394 1939,725 1938,996 1938,522 1938,253 1937,573 1937,176 1937,268 1937,33 1937,25 1936,818 1934,595 1932,808 1932,241 1932,022 1932,164 1931,955 1932,16 1931,9 1931,791 1932,52 1932,855 1933,413 1933,185 1932,238 1931,718 1931,27 1930,665 1930,462 1930,642 1930,163 1930,078 1929,093 1928,135 1927,188 1926,57 1926,427 1926,375 1926,644
1958,824 1958,417 1956,67 1955,395 1953,87 1952,775 1951,897 1950,887 1949,89 1948,89 1947,942 1947,17 1946,378 1945,802 1946,035 1945,828 1945,068 1943,722 1943,335 1943,12 1943,127 1943,138 1942,724 1942,097 1941,355 1940,195 1939,667 1938,928 1937,983 1937,568 1937,228 1937,25 1936,663 1936,62 1936,51 1936,259 1934,561 1933,162 1932,009 1931,05 1930,992 1931,218 1931,108 1931,16 1930,965 1931,53 1931,751 1932,357 1932,552 1931,786 1931,09 1930,995 1930,292 1929,735 1929,919 1929,402 1929,018 1928,27 1927,139 1926,867 1926,135 1925,858 1925,196 1925,539
1958,867 1957,427 1956,402 1955,172 1953,757 1952,318 1951,34 1950,4 1949,695 1948,389 1947,568 1946,723 1945,89 1945,214 1944,758 1944,603 1944,372 1943,775 1943,045 1942,802 1942,901 1942,887 1942,353 1941,72 1941,127 1939,67 1939,302 1938,88 1938,271 1937,182 1936,685 1936,462 1936,422 1935,734 1935,225 1935,098 1934,298 1932,907 1931,581 1930,359 1929,853 1930,02 1929,762 1929,775 1930,071 1930,145 1930,728 1931,42 1932,115 1931,218 1930,468 1930,159 1929,779 1929,201 1929,055 1928,705 1928,272 1927,628 1926,802 1926,3 1925,685 1925,275 1924,874 1924,522
1957,643 1956,945 1955,723 1953,938 1953,445 1952,012 1951,12 1950,032 1949,162 1948,347 1947,505 1946,441 1945,695 1944,93 1944,52 1943,844 1943,685 1943,257 1942,792 1942,415 1942,373 1942,34 1941,87 1941,345 1941,108 1939,709 1939,002 1938,427 1938,042 1937,495 1936,89 1936,317 1935,907 1935,235 1934,585 1934,258 1934,427 1932,688 1931,112 1930,343 1929,889 1929,28 1928,672 1928,894 1928,913 1929,153 1930,199 1930,313 1930,991 1930,424 1929,763 1929,422 1929,073 1929,078 1928,427 1928,198 1927,934 1927,335 1926,483 1925,684 1925,42 1924,845 1924,492 1923,86
1957,868 1956,494 1954,89 1954,01 1953,063 1952,172 1951,097 1950,04 1949,012 1948,107 1947,38 1946,72 1945,708 1945,363 1944,225 1943,6 1943,159 1942,603 1942,295 1942,146 1941,828 1941,615 1941,24 1940,728 1940,45 1940,028 1938,642 1938,093 1937,728 1937,27 1936,852 1936,415 1935,549 1935,052 1933,92 1933,583 1933,624 1932,896 1931,24 1930,184 1929,21 1928,912 1928,145 1928,012 1927,907 1927,992 1929,527 1929,647 1929,907 1930,012 1928,927 1928,64 1928,602 1928,49 1928,333 1927,919 1927,105 1926,882 1926,21 1925,53 1924,91 1924,132 1924,084 1923,503
1957,157 1956,327 1955,068 1954,122 1952,997 1952,277 1951,532 1950,238 1949,268 1948,25 1947,405 1946,837 1946,325 1945,633 1944,075 1943,165 1942,525 1942,095 1941,855 1941,726 1941,393 1941,333 1941,064 1940,585 1939,993 1939,407 1938,59 1937,818 1937,26 1936,87 1936,752 1936,26 1935,503 1934,688 1933,6 1933,146 1933,018 1933,03 1931,672 1930,24 1929,333 1929,123 1928,324 1927,235 1927,422 1927,412 1927,475 1928,394 1928,814 1929,256 1929,129 1928,48 1928,12 1928,152 1927,869 1927,26 1926,878 1926,135 1925,611 1925,139 1924,652 1924,025 1923,415 1923,083
1957,486 1956,34 1955,068 1954,288 1953,676 1952,802 1951,672 1950,55 1949,598 1948,573 1947,802 1947,338 1946,407 1945,818 1944,335 1943,365 1942,517 1941,8 1941,43 1941,198 1940,6 1940,61 1940,516 1940,165 1939,645 1938,925 1938,045 1937,627 1937,19 1936,829 1936,57 1936,333 1935,741 1934,524 1933,802 1933,032 1932,583 1932,599 1932,515 1931,497 1929,613 1928,91 1927,972 1926,896 1926,345 1926,675 1926,46 1926,753 1927,59 1928,615 1928,401 1927,823 1927,407 1927,47 1927,201 1926,48 1925,802 1925,914 1925 1924,573 1924,162 1923,835 1923,198 1923,025
1957,747 1956,938 1955,708 1955,135 1954,24 1953,195 1952,32 1950,4 1949,537 1949,046 1948,735 1947,97 1946,892 1946,055 1944,875 1943,718 1942,292 1941,593 1940,985 1941,03 1940,74 1940,279 1939,873 1939,472 1938,992 1938,525 1937,125 1937,175 1937,09 1936,588 1936,155 1935,857 1935,772 1934,565 1933,733 1933,202 1932,266 1932,068 1931,882 1932,488 1931,195 1928,972 1927,752 1926,912 1926,13 1926,003 1926,145 1926,142 1926,498 1927,335 1927,647 1927,419 1927,065 1926,862 1926,698 1926,155 1925,675 1925,387 1924,908 1924,468 1923,963 1923,648 1923,193 1922,772
1958,955 1957,878 1956,972 1955,777 1955,127 1954,335 1953,195 1951,473 1950,593 1949,628 1949,095 1948,547 1947,407 1946,56 1945,147 1944,64 1943,58 1941,98 1941,172 1940,635 1940,365 1940,075 1939,47 1938,814 1938,07 1937,385 1936,459 1936,265 1936,502 1936,49 1935,988 1935,116 1934,595 1933,969 1933,367 1933 1932,62 1931,715 1931,417 1931,433 1931,319 1929,735 1928,098 1926,995 1926,397 1925,894 1925,748 1925,73 1925,685 1925,872 1926,527 1927,08 1926,936 1926,5 1925,995 1926,128 1925,802 1925,322 1924,438 1924,063 1923,91 1923,535 1922,826 1922,166
1959,603 1958,63 1957,537 1956,294 1955,55 1954,58 1953,258 1952,4 1951,267 1950,415 1949,67 1948,792 1947,675 1946,905 1945,833 1944,94 1944,045 1942,913 1941,485 1940,858 1940,265 1939,685 1939,117 1938,881 1938,01 1936,995 1936,399 1935,615 1935,787 1935,601 1935,228 1934,805 1934,325 1933,63 1932,969 1932,495 1932,267 1931,417 1930,88 1931,15 1930,625 1929,945 1928,351 1926,782 1926,058 1925,37 1925,266 1924,814 1925,073 1925,427 1925,389 1926,275 1926,292 1926,03 1925,657 1925,568 1925,365 1925,02 1924,58 1923,563 1923,542 1923,32 1922,478 1921,922
1959,79 1958,415 1957,29 1956,435 1955,12 1954,15 1953,333 1952,599 1951,835 1951,28 1950,318 1949,147 1948,255 1946,79 1945,688 1944,8 1943,975 1942,74 1941,87 1941,032 1940,133 1939,203 1938,55 1938,333 1937,883 1936,745 1935,965 1935,25 1934,863 1934,772 1935,047 1934,51 1934,325 1933,155 1932,742 1932,225 1931,807 1931,233 1930,395 1930,482 1930,456 1929,734 1928,45 1927,11 1926,07 1925,392 1925,085 1924,39 1924,103 1924,401 1924,487 1924,616 1925,565 1925,813 1925,355 1925,383 1924,843 1924,438 1924,002 1923,365 1922,938 1922,767 1922,162 1921,662
1959,313 1958,405 1957,333 1956,297 1955,343 1954,155 1953,34 1952,785 1952,04 1951,268 1950,333 1949,27 1948,065 1946,732 1945,34 1944,135 1943,525 1942,353 1941,575 1940,953 1940,123 1939,22 1938,358 1937,718 1937,287 1936,957 1936,105 1934,905 1934,083 1933,953 1934,155 1934,38 1933,963 1932,784 1932,542 1932,27 1931,458 1930,878 1930,255 1929,973 1930,022 1929,475 1929,099 1927,575 1926,42 1925,34 1924,79 1924,179 1924,119 1923,302 1922,896 1923,022 1924,535 1925,213 1924,924 1924,579 1924,363 1923,965 1923,535 1922,992 1922,56 1922,374 1921,975 1921,45
1958,835 1957,841 1957,005 1956,118 1955,11 1954,33 1953,5 1952,987 1952,272 1951,17 1950,178 1948,935 1948,037 1946,455 1945,049 1943,515 1942,706 1941,855 1941,147 1940,685 1939,951 1939,018 1938,527 1937,77 1936,802 1936,537 1935,768 1934,62 1933,49 1933,282 1932,93 1933,696 1933,67 1932,907 1932,085 1931,56 1930,927 1930,427 1930,106 1929,795 1929,848 1929,258 1929,018 1928,115 1926,416 1925,405 1924,726 1924,198 1923,735 1923,166 1922,797 1922,478 1922,415 1923,576 1924,483 1924,227 1923,68 1923,59 1923,181 1922,54 1922,282 1921,65 1921,58 1921,33
1958,256 1957,132 1956,355 1955,683 1954,892 1954,103 1953,436 1952,843 1952,02 1950,81 1949,647 1948,548 1947,68 1946,409 1944,878 1943,855 1942,655 1941,833 1941,055 1940,355 1939,782 1939,18 1938,694 1938,05 1937,113 1936,022 1935,292 1934,333 1933,17 1932,578 1932,422 1932,625 1933,117 1932,71 1931,682 1931,37 1930,583 1930,238 1929,771 1929,475 1929,235 1929,015 1928,654 1927,651 1926,405 1925,102 1924,44 1923,847 1923,666 1923,371 1922,845 1921,922 1922,177 1922,307 1923,132 1923,992 1923,48 1923,373 1923,215 1922,472 1922,107 1921,578 1921,138 1921,012
1958,052 1957,237 1955,756 1955,169 1954,123 1953,265 1952,615 1951,9 1951,195 1950,16 1949,188 1948,093 1947,157 1946,09 1944,745 1943,897 1943,23 1942,105 1941,345 1940,288 1939,692 1939,083 1938,708 1938,205 1937,323 1936,493 1935,333 1934,007 1933,076 1931,968 1931,568 1931,876 1932,14 1931,87 1931,425 1931,16 1930,28 1929,809 1929,54 1929,35 1928,748 1928,343 1928,155 1927,632 1926,28 1925,355 1924,344 1923,37 1923,1 1923,32 1922,456 1921,845 1921,603 1921,765 1920,615 1922,025 1922,49 1922,574 1922,627 1922,129 1921,795 1921,501 1921,132 1920,915
1958,347 1957,153 1956,338 1955,66 1954,478 1953,677 1951,945 1951,045 1950,802 1949,963 1949,105 1948,12 1946,753 1946,04 1944,986 1944,346 1943,599 1943,01 1941,97 1941,007 1940,258 1939,232 1938,607 1938,218 1937,411 1936,468 1935,348 1934,128 1933,38 1931,982 1930,715 1931 1931,292 1931,525 1930,938 1930,497 1929,748 1929,143 1929,168 1929,027 1928,729 1928,137 1927,333 1927,063 1926,471 1925,05 1924,345 1923,083 1922,505 1922,03 1921,153 1920,623 1920,183 1919,942 1920,075 1920,667 1921,382 1922,108 1921,98 1921,618 1921,434 1921,037 1920,525 1920,172
1959,392 1957,877 1957,139 1956,235 1955,333 1954,542 1952,955 1951,473 1950,583 1949,688 1948,573 1947,61 1946,875 1945,877 1944,866 1944,215 1943,34 1942,632 1941,84 1940,748 1939,939 1939,083 1938,06 1937,605 1937,205 1936,536 1935,448 1934,38 1932,988 1932,375 1930,828 1930,25 1930,014 1930,39 1930,499 1929,928 1929,385 1928,93 1928,323 1928,378 1928,427 1928,007 1927,133 1926,805 1926,226 1925,437 1924,295 1923,419 1922,647 1921,925 1920,861 1919,807 1919,22 1918,752 1919,619 1919,78 1920,18 1921,104 1922,068 1921,491 1920,778 1920,534 1920,307 1919,5
1960,252 1959,275 1957,767 1956,64 1955,85 1954,73 1953,655 1952,069 1951,015 1949,328 1948,728 1947,432 1946,323 1945,268 1944,228 1943,17 1942,642 1941,53 1940,99 1940,522 1940,01 1938,708 1937,622 1937,095 1936,498 1936,456 1935,797 1934,848 1933,355 1932,105 1931,16 1930,188 1929,381 1929,453 1929,583 1929,485 1928,95 1928,25 1927,96 1927,694 1928,103 1928,13 1927,31 1926,873 1926,468 1925,568 1924,682 1923,45 1922,792 1921,664 1920,753 1919,734 1918,972 1918,525 1918,686 1918,795 1919,208 1920,528 1921,341 1921,466 1920,76 1919,944 1919,94 1919,157
1959,8 1959,088 1958,065 1956,978 1956,162 1955,008 1954,193 1951,725 1950,903 1949,835 1949,047 1947,787 1946,29 1945,122 1944,575 1943,819 1942,955 1941,897 1941,188 1940,19 1939,233 1938,598 1937,35 1936,11 1935,91 1935,785 1935,624 1935,272 1933,8 1932,488 1931,603 1930,623 1929,243 1928,682 1928,83 1928,508 1928,668 1927,948 1927,496 1927,295 1927,172 1927,088 1926,818 1926,67 1926,43 1925,72 1925,343 1924,224 1922,9 1922,045 1920,895 1919,823 1918,427 1918,096 1917,863 1918,135 1918,38 1919,32 1920,262 1921,105 1920,685 1919,88 1919,088 1918,438
