Scenarios/Scenario1/old/topofan.asc
ncols         223
nrows         229
xllcorner     660883,20357319
yllcorner     151239,80777477
cellsize      2,5
NODATA_value  -9999
[rows 116 to 144 of 229, columns 0 to 63 of 223]
0 0 0 0 0 0 0 2099,782 2099,752 2099,721 2099,69 2099,706 2099,731 2099,755 2099,779 2099,804 2099,809 2099,761 2099,72 2099,638 2099,677 2099,861 2099,867 2099,873 2099,878 2099,774 2099,587 2098,54 2099,576 2098,74 2096,809 2094,261 2088,961 2085,377 2082,453 2080,292 2076,982 2074,84 2072,55 2069,189 2063,37 2060,23 2057,992 2055,361 2052,83 2049,895 2046,62 2042,103 2041,144 2041,116 2040,724 2040,273 2039,574 2038,995 2037,943 2037,268 2035,845 2035,05 2033,22 2032,139 2030,414 2028,575 2028,475 2027,21
0 0 0 0 0 0 0 0 2099,76 2099,729 2099,698 2099,697 2099,721 2099,746 2099,77 2099,794 2099,821 2099,776 2099,735 2099,676 2099,652 2099,721 2099,869 2099,875 2099,88 2099,8 2099,619 2099,39 2099,204 2099,613 2097,392 2094,512 2088,891 2085,768 2083,015 2079,953 2077,073 2075,278 2072,95 2067,499 2063,8 2061,26 2058,655 2056,157 2053,745 2051,805 2046,787 2043,152 2042,25 2041,865 2041,657 2041,35 2040,735 2039,77 2039,195 2038,295 2036,682 2035,28 2033,711 2032,181 2030,863 2029,91 2028,995 2027,607
0 0 0 0 0 0 0 0 2099,768 2099,737 2099,707 2099,688 2099,712 2099,737 2099,761 2099,785 2099,81 2099,793 2099,75 2099,709 2099,627 2099,697 2099,871 2099,877 2099,883 2099,825 2099,652 2099,422 2098,93 2099,54 2097,093 2093,71 2089,034 2085,538 2083,04 2080,228 2078,345 2075,857 2072,985 2067,972 2064,427 2061,607 2059,295 2057,032 2054,505 2050,37 2046,446 2044,188 2043,545 2043,105 2042,513 2042,895 2042,241 2041,72 2040,145 2038,92 2037,436 2036,225 2034,405 2032,738 2032,015 2031,111 2029,603 2028,34
0 0 0 0 0 0 0 0 2099,776 2099,745 2099,715 2099,684 2099,703 2099,727 2099,752 2099,776 2099,8 2099,818 2099,766 2099,724 2099,657 2099,672 2099,873 2099,879 2099,885 2099,851 2099,684 2099,455 2099,225 2099,357 2097,366 2093,407 2088,865 2086,698 2083,755 2081,63 2078,64 2076,387 2073,905 2071,203 2065,536 2062,1 2058,985 2056,515 2053,755 2049,532 2046,302 2045,421 2044,402 2043,895 2043,625 2044,15 2043,6 2042,7 2041,367 2039,701 2038,182 2036,426 2034,792 2034,125 2032,682 2031,732 2030,497 2029,409
0 0 0 0 0 0 0 0 2099,784 2099,753 2099,723 2099,692 2099,694 2099,718 2099,742 2099,767 2099,791 2099,817 2099,781 2099,74 2099,695 2099,648 2099,717 2099,881 2099,887 2099,876 2099,717 2099,487 2099,258 2099,145 2097,385 2094,105 2091,25 2088,667 2086,583 2084,665 2081,184 2077,347 2074,49 2072,192 2068,079 2061,527 2058,925 2056,656 2052,645 2049,672 2047,768 2046,875 2045,945 2045,537 2045,025 2045,014 2044,703 2043,677 2041,943 2040,393 2038,885 2037,4 2035,983 2034,938 2033,682 2032,49 2031,399 2030,397
0 0 0 0 0 0 0 0 0 2099,761 2099,731 2099,7 2099,685 2099,709 2099,733 2099,758 2099,782 2099,806 2099,801 2099,755 2099,713 2099,638 2099,693 2099,883 2099,889 2099,895 2099,749 2099,519 2099,29 2099,07 2097,522 2095,393 2092,325 2090,04 2088,394 2085,775 2082,302 2078,726 2076,846 2073,614 2070,022 2062,869 2058,995 2056,867 2053,637 2050,943 2051,585 2049,112 2048,088 2047,27 2046,584 2045,93 2045,873 2044,325 2043,106 2041,112 2040,1 2038,613 2037,49 2036,537 2034,848 2033,675 2032,64 2030,975
0 0 0 0 0 0 0 0 0 2099,77 2099,739 2099,708 2099,677 2099,7 2099,724 2099,748 2099,773 2099,797 2099,823 2099,77 2099,729 2099,676 2099,668 2099,885 2099,891 2099,897 2099,776 2099,552 2099,322 2099,106 2099,167 2095,59 2093,945 2092,479 2090,4 2087,671 2085,917 2084,013 2082,256 2075,879 2073,046 2069,26 2061,629 2058,925 2058,19 2055,595 2054,849 2052,585 2049,89 2048,369 2047,525 2047,117 2046,688 2045,274 2043,87 2041,681 2040,747 2039,758 2038,172 2036,813 2035,89 2034,833 2033,177 2032,111
0 0 0 0 0 0 0 0 0 2099,778 2099,747 2099,716 2099,686 2099,69 2099,715 2099,739 2099,763 2099,788 2099,813 2099,785 2099,744 2099,702 2099,643 2099,722 2099,893 2099,899 2099,802 2099,584 2099,355 2099,131 2099,114 2098,112 2095,494 2093,652 2092,75 2088,89 2087,493 2086,087 2082,873 2078,355 2075,657 2071,681 2067,067 2065,046 2062,03 2058,283 2055,742 2053,058 2050,607 2050,025 2048,923 2048,387 2047,8 2046,145 2044,212 2042,83 2041,703 2040,617 2039,069 2037,735 2036,603 2035,12 2034,255 2032,857
0 0 0 0 0 0 0 0 0 2099,786 2099,755 2099,724 2099,694 2099,681 2099,706 2099,73 2099,754 2099,779 2099,803 2099,81 2099,759 2099,718 2099,657 2099,688 2099,895 2099,901 2099,827 2099,617 2099,387 2099,156 2099,204 2098,383 2096,713 2094,867 2093,935 2091,555 2089,088 2086,063 2082,667 2078,335 2075,15 2073,417 2070,959 2067,365 2062,893 2058,62 2054,99 2053,587 2051,965 2051,445 2050,19 2049,698 2048,217 2046,74 2045,64 2044,368 2042,85 2041,555 2040,115 2039,23 2037,915 2036,185 2034,955 2033,625
0 0 0 0 0 0 0 0 0 0 2099,763 2099,732 2099,702 2099,672 2099,696 2099,721 2099,745 2099,769 2099,794 2099,819 2099,774 2099,733 2099,692 2099,664 2099,897 2099,903 2099,853 2099,649 2099,419 2099,181 2099,312 2098,857 2097,93 2096,232 2094,929 2092,194 2089,245 2085,785 2081,873 2078,942 2076,2 2074,087 2070,672 2067,105 2061,834 2058,948 2056,648 2054,945 2054,218 2052,568 2052,015 2050,54 2049,06 2048,123 2046,718 2045,379 2043,955 2042,427 2041,073 2039,932 2038,315 2037,249 2035,771 2034,561
0 0 0 0 0 0 0 0 0 0 2099,771 2099,74 2099,71 2099,679 2099,687 2099,711 2099,736 2099,76 2099,784 2099,809 2099,793 2099,748 2099,707 2099,639 2099,728 2099,905 2099,878 2099,681 2099,452 2099,206 2099,42 2099,583 2098,06 2096,785 2095,343 2092,395 2087,463 2084,745 2082,324 2079,118 2076,485 2072,905 2069,91 2066,078 2062,311 2058,42 2057,149 2056,315 2055,367 2054,454 2053,167 2051,485 2049,89 2048,723 2047,74 2046,677 2044,925 2043,139 2041,899 2040,517 2039,225 2037,872 2036,282 2035,26
0 0 0 0 0 0 0 0 0 0 2099,779 2099,749 2099,718 2099,687 2099,678 2099,702 2099,727 2099,751 2099,775 2099,8 2099,818 2099,763 2099,722 2099,676 2099,684 2099,907 2099,904 2099,714 2099,484 2099,231 2099,528 2099,784 2098,35 2095,775 2094,248 2090,448 2087,994 2085,287 2082,367 2079,458 2075,811 2071,881 2069,025 2065,234 2061,208 2059,35 2058,74 2057,578 2056,635 2055,292 2053,992 2052,438 2051,113 2050,2 2048,603 2047,091 2045,515 2044,403 2043,151 2041,42 2039,72 2038,36 2037,542 2036,123
0 0 0 0 0 0 0 0 0 0 0 2099,757 2099,726 2099,695 2099,669 2099,693 2099,717 2099,742 2099,766 2099,79 2099,815 2099,779 2099,737 2099,696 2099,659 2099,909 2099,915 2099,746 2099,517 2099,256 2099,636 2099,892 2098,252 2095,869 2093,45 2091,127 2088,738 2085,132 2082,018 2079,436 2075,613 2069,89 2066,795 2064,403 2062,538 2061,315 2060,064 2058,82 2057,833 2056,229 2054,827 2053,51 2052,377 2051,512 2049,806 2048,315 2046,395 2044,94 2043,877 2042,5 2040,693 2040,079 2038,383 2037,443
0 0 0 0 0 0 0 0 0 0 0 2099,765 2099,734 2099,703 2099,673 2099,684 2099,708 2099,732 2099,757 2099,781 2099,805 2099,802 2099,752 2099,711 2099,657 2099,806 2099,917 2099,779 2099,549 2099,346 2099,745 2099,916 2098,15 2095,362 2093,08 2091,36 2088,882 2083,703 2080,481 2077,893 2074,263 2069,356 2066,105 2064,945 2063,64 2062,475 2061,396 2059,906 2058,988 2057,326 2056,594 2054,934 2053,482 2052,118 2050,876 2048,952 2046,953 2046,03 2044,734 2043,292 2041,706 2041,008 2039,645 2038,34
0 0 0 0 0 0 0 0 0 0 0 2099,773 2099,742 2099,711 2099,681 2099,675 2099,699 2099,723 2099,748 2099,772 2099,796 2099,822 2099,768 2099,726 2099,685 2099,68 2099,919 2099,811 2099,522 2099,597 2099,853 2099,798 2098,962 2096,415 2093,426 2090,702 2087,036 2080,802 2078,865 2075,444 2072,325 2069,252 2066,996 2065,666 2064,972 2063,782 2063,133 2061,432 2060,034 2059,01 2057,965 2055,976 2054,04 2052,854 2051,073 2048,949 2047,8 2046,73 2045,665 2043,798 2042,653 2041,518 2040,373 2038,922
0 0 0 0 0 0 0 0 0 0 0 2099,781 2099,75 2099,719 2099,689 2099,665 2099,69 2099,714 2099,738 2099,763 2099,787 2099,811 2099,785 2099,742 2099,7 2099,655 2099,922 2099,844 2099,448 2099,705 2099,961 2099,827 2099,163 2096,626 2093,941 2088,586 2084,28 2079,518 2076,532 2074,248 2073,262 2070,002 2069,259 2067,862 2066,065 2065,549 2064,487 2062,497 2061,232 2060,172 2059,02 2056,147 2054,448 2053,08 2051,438 2050,103 2048,653 2047,429 2046,301 2044,863 2043,203 2042,222 2041,482 2040,446
0 0 0 0 0 0 0 0 0 0 0 0 2099,758 2099,728 2099,697 2099,666 2099,68 2099,705 2099,729 2099,753 2099,778 2099,802 2099,81 2099,757 2099,716 2099,674 2099,914 2099,876 2099,373 2099,813 2099,848 2099,856 2098,17 2095,914 2090,283 2086,78 2082,245 2078,14 2075,96 2075,11 2073,427 2072,091 2071,26 2068,807 2068,252 2066,805 2065,11 2063,285 2061,814 2060,89 2059,209 2057,477 2055,414 2053,777 2052,537 2051,298 2049,907 2048,347 2047,11 2045,577 2044,905 2043,532 2042,215 2040,926
0 0 0 0 0 0 0 0 0 0 0 0 2099,766 2099,736 2099,705 2099,674 2099,671 2099,696 2099,72 2099,744 2099,769 2099,793 2099,818 2099,772 2099,731 2099,689 2099,677 2099,906 2099,397 2099,921 2099,877 2099,78 2097,316 2094,464 2091,075 2086,081 2080,895 2079,075 2077,797 2076,978 2075,623 2073,942 2072,607 2070,051 2069,018 2067,458 2065,897 2064,894 2063,425 2062,037 2059,99 2058,519 2056,792 2054,876 2053,601 2052,429 2051,059 2050,018 2048,241 2046,843 2045,951 2044,724 2043,092 2041,732
0 0 0 0 0 0 0 0 0 0 0 0 2099,774 2099,744 2099,713 2099,682 2099,662 2099,686 2099,711 2099,735 2099,759 2099,784 2099,808 2099,793 2099,746 2099,705 2099,658 2099,932 2099,423 2099,898 2099,015 2097,794 2096,583 2094,598 2090,286 2086,877 2082,598 2079,917 2079,597 2078,138 2076,877 2075,056 2073,573 2071,671 2070,139 2069,087 2066,845 2065,363 2064,896 2062,791 2060,605 2058,965 2056,973 2055,742 2054,727 2053,112 2051,927 2050,61 2049,61 2047,865 2046,762 2045,4 2043,949 2042,882
0 0 0 0 0 0 0 0 0 0 0 0 2099,782 2099,752 2099,721 2099,69 2099,66 2099,677 2099,701 2099,726 2099,75 2099,774 2099,799 2099,818 2099,761 2099,72 2099,679 2099,936 2099,7 2098,571 2096,692 2096,315 2095,19 2093,13 2090,52 2087,739 2083,772 2082,223 2081,323 2079,476 2077,737 2076,067 2074,363 2072,272 2071,025 2069,891 2067,681 2066,508 2065,18 2063,281 2061,213 2059,76 2057,792 2056,625 2055,508 2054,603 2053,449 2051,712 2050,035 2048,532 2047,333 2045,917 2044,657 2043,385
0 0 0 0 0 0 0 0 0 0 0 0 0 2099,76 2099,729 2099,698 2099,668 2099,668 2099,692 2099,717 2099,741 2099,765 2099,79 2099,814 2099,777 2099,735 2099,694 2099,683 2099,155 2097,79 2096,008 2095,1 2092,985 2091,026 2089,268 2086,698 2085,118 2083,494 2081,522 2079,856 2077,972 2076,513 2075,055 2073,54 2071,846 2070,107 2069,005 2067,397 2065,823 2063,555 2061,688 2061,002 2059,612 2057,945 2056,51 2055,353 2053,782 2052,752 2051,067 2049,499 2047,924 2046,989 2045,272 2043,932
0 0 0 0 0 0 0 0 0 0 0 0 0 2099,768 2099,737 2099,707 2099,676 2099,659 2099,683 2099,707 2099,732 2099,756 2099,78 2099,805 2099,802 2099,75 2099,709 2099,668 2099,325 2098,321 2095,955 2094,435 2092,638 2090,903 2088,775 2087,383 2085,913 2084,35 2082,916 2080,564 2079,06 2077,732 2075,23 2073,942 2072,762 2071,25 2069,282 2068,104 2066,385 2064,659 2063,292 2062,027 2060,61 2058,883 2057,3 2056,41 2054,653 2053,01 2051,363 2049,984 2048,64 2047,468 2045,915 2044,57
0 0 0 0 0 0 0 0 0 0 0 0 0 2099,776 2099,745 2099,715 2099,684 2099,653 2099,674 2099,698 2099,722 2099,747 2099,771 2099,795 2099,821 2099,766 2099,724 2099,683 2099,877 2098,438 2096,738 2095,42 2093,675 2092,015 2089,455 2087,808 2086,593 2085,144 2083,911 2082,085 2080,032 2078,295 2076,17 2075,13 2073,225 2071,86 2070,639 2068,772 2067,594 2066,075 2063,925 2062,81 2061,126 2059,52 2057,934 2056,901 2055,153 2054,11 2052,173 2050,442 2049,015 2047,925 2046,563 2045,657
0 0 0 0 0 0 0 0 0 0 0 0 0 2099,784 2099,753 2099,723 2099,692 2099,661 2099,665 2099,689 2099,713 2099,738 2099,762 2099,786 2099,811 2099,785 2099,74 2099,698 2099,701 2099,123 2097,605 2096,3 2094,58 2092,747 2090,942 2089,095 2088,195 2086,113 2084,772 2082,458 2080,576 2079,162 2077,367 2076,04 2074,802 2073,174 2071,288 2069,86 2068,522 2067,01 2065,036 2063,044 2061,49 2059,99 2058,672 2057,72 2055,698 2054,203 2052,82 2051,448 2050,025 2048,982 2047,82 2046,272
0 0 0 0 0 0 0 0 0 0 0 0 0 0 2099,762 2099,731 2099,7 2099,669 2099,655 2099,68 2099,704 2099,728 2099,753 2099,777 2099,801 2099,81 2099,755 2099,713 2099,689 2099,914 2098,558 2097,221 2094,97 2093,645 2091,495 2090,341 2088,47 2087,31 2085,765 2083,138 2081,165 2080,052 2078,518 2076,81 2075,208 2073,707 2072,317 2070,79 2069,025 2067,055 2064,955 2063,458 2062,008 2060,698 2059,413 2058,123 2056,532 2054,782 2053,493 2052,104 2050,72 2049,048 2047,369 2045,525
0 0 0 0 0 0 0 0 0 0 0 0 0 0 2099,77 2099,739 2099,708 2099,677 2099,647 2099,67 2099,695 2099,719 2099,743 2099,768 2099,792 2099,817 2099,77 2099,729 2099,687 2099,765 2099,634 2098,032 2096,59 2094,435 2093,08 2091,292 2089,722 2087,225 2086,159 2084,413 2082,488 2081,328 2078,551 2077,312 2076,15 2074,605 2072,729 2070,736 2068,877 2066,865 2065,641 2064,03 2063,42 2061,762 2060,38 2058,77 2057,32 2055,785 2054,015 2052,228 2050,485 2048,845 2046,965 2045,358
0 0 0 0 0 0 0 0 0 0 0 0 0 0 2099,778 2099,747 2099,716 2099,686 2099,655 2099,661 2099,686 2099,71 2099,734 2099,759 2099,783 2099,807 2099,794 2099,744 2099,703 2099,754 2099,734 2099,015 2097,18 2095,448 2093,86 2092,272 2090,462 2088,57 2085,977 2085,097 2083,482 2082,327 2079,4 2078,298 2076,755 2074,917 2073,377 2071,7 2069,813 2067,772 2066,587 2065,395 2063,674 2062,063 2060,981 2059,49 2057,802 2055,675 2053,802 2052,166 2050,77 2049,333 2047,261 2045,818
0 0 0 0 0 0 0 0 0 0 0 0 0 0 0 2099,755 2099,724 2099,694 2099,663 2099,652 2099,676 2099,701 2099,725 2099,749 2099,774 2099,798 2099,819 2099,759 2099,718 2099,739 2099,829 2099,29 2097,663 2096,105 2094,509 2092,027 2090,549 2089,007 2087,532 2085,615 2084,143 2082,895 2080,763 2078,566 2077,248 2074,88 2073,715 2072,004 2070,465 2069,006 2067,165 2065,691 2064,532 2062,89 2061,05 2059,09 2057,445 2055,462 2053,818 2052,3 2051,228 2050,097 2048,593 2047,47
0 0 0 0 0 0 0 0 0 0 0 0 0 0 0 2099,763 2099,732 2099,702 2099,671 2099,643 2099,667 2099,691 2099,716 2099,74 2099,764 2099,789 2099,813 2099,777 2099,733 2099,743 2099,818 2099,742 2098,07 2096,183 2094,6 2092,577 2091,336 2089,252 2087,817 2086,526 2084,83 2083,198 2081,593 2079,502 2077,495 2076,156 2074,271 2072,865 2070,948 2069,458 2067,951 2066,631 2064,778 2062,772 2061,188 2059,202 2057,229 2055,708 2054,672 2053,532 2052,489 2050,993 2049,702 2048,539
