Scenarios_old/Scenario1/topofan.asc
ncols         196
nrows         170
xllcorner     672458.20357319
yllcorner     151942.30777477
cellsize      2.5
NODATA_value  -9999
[rows 56 to 83 of 170, columns 128 to 191 of 196]
1843.735 1844.44 1845.1 1845.607 1846.459 1847.532 1848.242 1849.597 1850.5 1851.594 1852.575 1853.237 1853.912 1854.765 1855.333 1856.073 1857.015 1858.502 1859.761 1861.397 1862.507 1864.22 1866.075 1867.169 1869.171 1870.561 1871.91 1872.578 1873.275 1873.98 1874.61 1875.057 1875.193 1875.373 1876.142 1877.305 1880.142 1881.491 1883.343 1884.135 1884.175 1885.19 1886.535 1887.655 1889.588 1890.828 1892.275 1893.657 1894.097 1895.473 1896.617 1897.598 1899.073 1900.093 1901.485 1903.325 1905.289 1906.526 1907.134 1908.405 1909.177 1910.736 1914.206 1916.893
1843.63 1844.172 1844.748 1845.475 1846.282 1847.063 1848.045 1849.435 1850.379 1851.185 1852.047 1852.66 1853.515 1854.318 1855.104 1855.895 1857.061 1858.198 1859.734 1861.212 1862.934 1864.7 1866.287 1867.507 1868.715 1869.622 1871.083 1871.74 1872.74 1873.165 1874.193 1874.63 1874.853 1875 1876.032 1876.978 1878.76 1880.357 1881.685 1882.85 1883.945 1884.633 1885.759 1886.978 1888.389 1889.475 1891 1892.247 1893.448 1894.135 1895.61 1897.425 1898.045 1900.31 1901.5 1903.355 1904.292 1905.56 1905.965 1906.215 1907.705 1908.87 1910.978 1913.27
1843.205 1843.853 1844.695 1845.41 1846.078 1846.965 1848.167 1849.055 1849.806 1850.58 1851.193 1852.066 1852.78 1853.853 1854.736 1855.823 1857.108 1858.483 1859.958 1861.424 1862.978 1864.79 1866.48 1867.883 1868.927 1869.507 1870.226 1871.118 1871.79 1872.522 1873.238 1873.785 1874.33 1874.892 1875.698 1877.096 1878.131 1879.147 1880.254 1881.756 1882.858 1883.993 1885.353 1886.867 1887.813 1889.28 1890.652 1891.77 1892.74 1893.615 1895.29 1896.701 1898.546 1900.31 1900.99 1902.012 1903.022 1903.781 1903.861 1905.248 1906.292 1906.932 1909.718 1911.896
1842.63 1843.41 1844.115 1844.89 1845.8 1846.768 1847.917 1848.557 1849.147 1849.6 1850.412 1851.162 1852.12 1853.095 1854.4 1855.595 1857.446 1858.735 1860.634 1861.861 1863.728 1865.341 1866.363 1867.53 1868.448 1869.282 1870.04 1870.813 1871.25 1872.002 1872.383 1872.935 1873.728 1874.38 1875.45 1876.528 1877.667 1878.555 1879.571 1880.627 1882.238 1883.33 1884.865 1885.783 1887.302 1888.766 1889.732 1890.653 1892.052 1893.004 1894.025 1895.703 1898.01 1899.724 1900.427 1900.69 1901.639 1902.86 1903.372 1904.185 1905.887 1907.117 1908.665 1910.445
1841.955 1842.682 1843.555 1844.725 1845.578 1846.376 1847.1 1847.66 1848.21 1848.583 1849.56 1850.593 1851.489 1852.695 1854.233 1855.48 1857.256 1859.005 1860.478 1861.718 1863.252 1865.051 1866.028 1866.955 1868.034 1868.959 1869.763 1870.23 1870.471 1871.005 1871.655 1872.255 1872.877 1873.703 1874.723 1876.164 1876.958 1877.848 1879.035 1880.127 1881.873 1883.35 1884.429 1885.481 1886.73 1887.715 1888.588 1890.343 1891.29 1892.64 1893.785 1895.152 1896.613 1898.081 1899.383 1899.505 1900.825 1902.165 1903.073 1904.367 1905.806 1907.281 1908.295 1910.047
1841.247 1841.865 1843.417 1844.195 1845.04 1845.818 1846.445 1846.955 1847.469 1848.252 1849.172 1850 1851.065 1852.419 1854.491 1856.412 1857.868 1859.085 1860.405 1861.684 1862.663 1864.465 1865.906 1866.777 1867.89 1868.713 1869.385 1869.797 1870.09 1870.623 1870.693 1871.206 1872.42 1873.147 1874.299 1875.75 1876.4 1877.542 1878.847 1880.16 1881.855 1882.945 1884.004 1884.813 1885.725 1887.194 1887.988 1889.498 1890.627 1892.271 1893.269 1894.355 1895.402 1896.631 1897.98 1898.343 1900.245 1901.635 1902.823 1903.992 1905.282 1907.177 1908.424 1909.825
1840.688 1841.695 1842.802 1843.613 1844.455 1845.103 1845.823 1846.56 1846.813 1847.35 1848.522 1849.275 1850.515 1852.498 1854.806 1856.455 1857.65 1858.853 1860.042 1861.365 1862.5 1863.875 1865.505 1866.377 1867.405 1868.365 1869.422 1869.784 1870.358 1870.492 1870.492 1871.195 1872.047 1872.883 1873.893 1874.869 1876.005 1877.016 1878.258 1879.735 1881.403 1882.253 1883.288 1884.122 1884.742 1885.96 1887.098 1888.92 1889.885 1891.432 1892.323 1893.035 1894.117 1895.434 1896.885 1897.884 1899.443 1900.963 1902.682 1904.323 1905.024 1906.761 1908.161 1909.068
1839.978 1841.03 1842.351 1843.325 1843.998 1844.502 1845.337 1845.9 1846.11 1847.034 1847.863 1848.953 1850.388 1852.91 1854.97 1856.69 1857.31 1858 1859.174 1860.899 1862.373 1863.438 1864.93 1865.821 1866.948 1868.1 1868.933 1869.834 1870.393 1870.167 1870.385 1870.927 1871.68 1872.747 1873.726 1874.622 1875.216 1876.23 1877.252 1878.795 1880.657 1881.718 1882.557 1883.42 1884.155 1884.701 1885.674 1888.356 1889.203 1890.347 1890.929 1892.264 1892.953 1893.987 1895.485 1896.975 1898.259 1900.546 1902.315 1904.075 1904.67 1906.395 1907.209 1908.792
1839.696 1840.738 1841.868 1842.575 1843.588 1844.375 1844.87 1845.22 1846.045 1846.777 1847.875 1848.953 1850.945 1853.205 1854.5 1855.958 1856.51 1857.438 1858.99 1860.506 1862.11 1863.49 1864.157 1865.605 1866.554 1867.845 1868.421 1869.193 1869.73 1869.688 1869.767 1870.363 1871.178 1872.955 1874.042 1874.258 1874.344 1875.26 1876.905 1878.503 1879.912 1880.527 1881.575 1882.429 1883.05 1883.438 1884.323 1886.51 1887.992 1888.69 1889.438 1890.722 1891.84 1892.62 1894.044 1895.945 1896.905 1899.693 1901.516 1902.984 1904.853 1905.05 1906.125 1907.396
1839.145 1840.26 1841.46 1842.353 1843.073 1843.845 1844.588 1845.095 1846.143 1847.1 1847.87 1848.922 1851.135 1852.945 1854.272 1854.828 1856.145 1857.068 1858.22 1860.235 1861.587 1862.816 1864.005 1864.83 1865.985 1867.108 1867.846 1868.25 1868.87 1869.43 1869.797 1869.984 1870.83 1872.172 1872.843 1873.366 1873.465 1874.953 1876.591 1877.944 1878.781 1879.393 1880.515 1881.208 1881.68 1882.21 1883.417 1885.685 1886.473 1887.521 1889.11 1889.89 1890.633 1891.57 1893.201 1894.202 1895.511 1897.275 1899.35 1900.934 1902.735 1903.516 1904.743 1907.318
1839.807 1840.507 1841.292 1842.225 1842.965 1843.865 1844.703 1845.537 1846.438 1847.557 1848.462 1849.45 1850.948 1852.24 1853.573 1854.54 1855.651 1857.198 1858.365 1860.008 1861.277 1862.245 1863.375 1864.255 1865.29 1866.23 1866.635 1867.37 1868.051 1868.905 1869.512 1869.955 1870.537 1870.945 1871.585 1872.196 1873.28 1874.279 1875.745 1877.098 1877.818 1878.624 1879.492 1880.385 1880.643 1881.775 1882.873 1884.272 1885.585 1886.477 1887.555 1888.922 1889.54 1890.827 1892.064 1892.905 1894.487 1896.402 1897.64 1899.223 1900.942 1902.33 1903.831 1905.988
1839.963 1840.797 1841.575 1842.22 1843.588 1844.297 1845.093 1845.998 1847.137 1848.1 1848.924 1849.901 1850.97 1851.958 1852.725 1854.135 1855.402 1856.921 1858.003 1858.638 1859.926 1861.407 1862.644 1863.618 1864.427 1865.022 1865.573 1866.32 1867.333 1867.711 1868.498 1869.35 1869.865 1870.438 1871.121 1871.65 1873.01 1873.956 1874.869 1876.088 1876.722 1877.147 1877.835 1878.448 1879.508 1880.695 1882.305 1883.994 1884.945 1885.769 1886.791 1887.688 1888.512 1889.958 1891.578 1892.79 1894.245 1895.61 1897.279 1898.744 1900.047 1901.677 1903.014 1905.148
1840.21 1840.922 1841.52 1842.192 1843.032 1844.282 1845.338 1846.837 1847.438 1848.57 1849.53 1850.28 1851.235 1851.865 1852.892 1853.713 1854.73 1856.068 1857.203 1858.46 1859.665 1860.56 1861.55 1862.733 1863.502 1863.9 1864.62 1865.593 1866.305 1866.55 1867.647 1868.365 1869.001 1870.103 1870.617 1871.272 1872.655 1873.305 1873.953 1874.84 1875.79 1876.007 1877.338 1878.305 1879.265 1880.66 1882.093 1883.37 1884.57 1885.5 1885.907 1887.213 1887.968 1889.51 1891.18 1892.245 1893.868 1895.315 1896.835 1898.224 1899.804 1901.17 1903.145 1904.867
1840.415 1840.848 1841.547 1842.385 1843.52 1844.7 1845.873 1847.04 1847.99 1848.823 1849.797 1850.486 1851.427 1852.096 1852.968 1853.137 1854.507 1855.78 1857.063 1858.03 1858.752 1859.863 1861.085 1861.55 1862.248 1862.91 1863.815 1864.542 1864.935 1865.608 1866.507 1867.53 1868.098 1869.445 1869.958 1870.745 1871.595 1872.448 1873.068 1873.63 1874.605 1875.345 1876.415 1877.498 1878.84 1880.41 1881.491 1882.897 1883.162 1884.341 1885.216 1886.392 1887.44 1888.584 1890.27 1891.85 1893.266 1894.613 1896.23 1897.591 1899.2 1900.712 1902.748 1904.54
1841.009 1841.5 1842.063 1843.06 1843.87 1844.807 1846.115 1846.948 1848.027 1849.025 1849.583 1850.782 1851.46 1852.16 1852.773 1853.425 1854.1 1855.25 1855.98 1857.01 1857.868 1859.203 1860.16 1860.738 1861.29 1861.647 1862.672 1863.347 1863.762 1864.792 1865.696 1866.453 1867.412 1868.25 1869.306 1870.398 1871.345 1871.752 1872.578 1873.198 1873.702 1874.845 1875.889 1877.325 1878.233 1879.593 1880.542 1881.237 1882.424 1883.336 1884.333 1885.101 1886.167 1887.92 1889.517 1891.083 1892.83 1894.18 1895.565 1897.208 1898.795 1900.458 1902.556 1904.676
1841.693 1842.145 1842.69 1843.32 1844.113 1844.902 1845.94 1846.96 1848.015 1848.955 1849.772 1850.63 1851.49 1852.046 1852.801 1853.46 1853.792 1854.522 1855.34 1856.56 1857.14 1858.417 1859.573 1859.925 1860.069 1860.938 1861.652 1862.71 1863.315 1864.328 1865.07 1865.929 1866.87 1867.749 1868.432 1869.676 1870.753 1871.202 1871.874 1872.39 1873.122 1874.157 1875.16 1876.4 1877.56 1878.994 1880.045 1880.343 1881.58 1882.469 1883.508 1884.365 1885.783 1887.355 1888.843 1890.815 1892.532 1894.21 1895.392 1896.759 1898.195 1900.18 1902.142 1903.992
1841.675 1842.172 1842.86 1843.425 1843.927 1844.912 1845.897 1846.945 1847.83 1848.532 1849.535 1850.377 1850.868 1851.608 1852.427 1853.01 1853.617 1854.165 1855.093 1855.73 1856.32 1857.302 1858.098 1858.728 1859.443 1860.288 1861.432 1862.21 1863.139 1864.108 1864.797 1865.449 1866.445 1867.307 1868.042 1868.718 1869.625 1870.118 1870.915 1871.725 1872.325 1872.991 1873.772 1875.809 1876.76 1877.71 1878.57 1879.463 1880.715 1881.67 1882.935 1884.306 1885.763 1887.188 1888.663 1890.575 1892.347 1893.808 1895.165 1896.69 1898.7 1900.419 1902.33 1904.13
1841.475 1842.075 1842.748 1843.249 1843.95 1844.61 1845.455 1846.455 1847.532 1848.265 1848.887 1849.5 1850.193 1851.18 1851.728 1852.289 1852.985 1853.71 1854.473 1855.328 1855.998 1856.468 1857.196 1858.28 1859.219 1860.04 1860.978 1861.686 1862.77 1863.637 1864.188 1865.052 1865.825 1867.012 1867.801 1868.328 1868.809 1869.611 1870.363 1871.095 1871.94 1872.665 1873.825 1875.143 1876.448 1877.262 1877.89 1878.948 1880.152 1881.4 1882.82 1884.037 1885.59 1886.902 1889.358 1890.868 1892.465 1893.754 1895.402 1897.155 1898.887 1899.85 1901.414 1902.943
1841.028 1841.728 1842.42 1843.2 1843.665 1844.365 1845.18 1846.23 1846.975 1847.748 1848.335 1848.902 1849.522 1850.133 1850.715 1851.282 1852.38 1853.325 1854.145 1854.93 1855.825 1856.578 1857.559 1858.367 1859.12 1859.938 1860.623 1861.127 1862.362 1862.932 1863.802 1864.598 1865.261 1866.295 1867.427 1868.196 1868.834 1869.415 1869.903 1870.805 1871.417 1872.393 1873.103 1874.315 1875.34 1876.505 1877.863 1878.79 1880.009 1881.198 1882.932 1884.305 1886.188 1887.778 1889.395 1890.99 1892.377 1894.042 1895.929 1897.56 1898.622 1899.823 1900.75 1902.262
1840.903 1841.613 1842.24 1842.818 1843.568 1844.247 1845.095 1845.85 1846.483 1847.005 1847.855 1848.4 1848.837 1849.193 1849.8 1850.73 1851.85 1853.035 1853.899 1854.95 1855.583 1856.338 1857.12 1857.85 1858.583 1859.26 1860.03 1860.71 1861.647 1862.518 1863.095 1863.823 1865.357 1866.521 1867.078 1867.665 1868.213 1868.978 1869.492 1870.353 1871.5 1872.297 1873.063 1873.754 1874.747 1875.857 1877.03 1878.469 1879.78 1881.282 1882.98 1884.679 1886.23 1888.721 1889.968 1891.123 1893.01 1894.591 1896.147 1897.565 1898.485 1899.395 1900.97 1901.825
1840.693 1841.405 1841.922 1842.463 1843.438 1843.963 1844.735 1845.363 1846.078 1846.836 1847.26 1847.672 1847.915 1848.511 1849.284 1850.272 1851.198 1852.432 1853.27 1854.16 1854.872 1855.588 1856.24 1857.139 1858.042 1858.9 1859.769 1860.451 1861.523 1862.007 1862.87 1863.361 1865.093 1865.818 1866.465 1866.842 1867.492 1868.057 1868.925 1870.069 1871.12 1871.385 1872.018 1873.175 1874.383 1875.43 1876.855 1878.442 1879.88 1881.706 1883.023 1884.355 1886.032 1888.47 1889.825 1891.267 1892.698 1893.72 1894.715 1895.799 1897.72 1898.677 1899.992 1901.28
1840.445 1841.063 1841.643 1842.33 1843.008 1843.762 1844.272 1845.073 1845.521 1846.185 1846.708 1846.91 1847.557 1848.27 1848.97 1850.075 1851.022 1851.583 1852.625 1853.44 1854.09 1854.762 1855.788 1856.575 1857.547 1858.486 1859.407 1859.917 1860.8 1861.849 1862.532 1863.32 1864.012 1864.685 1865.33 1866.242 1866.625 1867.275 1868.388 1869.315 1869.917 1870.443 1871.465 1872.89 1874.172 1874.998 1876.085 1878.159 1879.836 1880.828 1883.14 1884.565 1886.137 1888.555 1889.935 1890.925 1891.769 1892.402 1893.603 1895.215 1896.343 1897.675 1899.04 1900.208
1840.193 1840.708 1841.25 1841.953 1842.527 1843.145 1843.958 1844.39 1844.873 1845.802 1846.365 1846.823 1847.713 1848.287 1848.855 1849.823 1850.525 1851.252 1851.955 1852.68 1853.63 1854.52 1855.17 1856.17 1857.385 1858.235 1858.873 1859.479 1860.667 1861.313 1862.355 1862.912 1863.713 1864.268 1864.917 1865.38 1866.285 1867.095 1867.518 1868.387 1869.196 1870.186 1871.393 1872.599 1873.71 1874.694 1875.837 1877.127 1878.73 1880.58 1882.728 1884.19 1885.38 1887.833 1889.383 1890.307 1891.16 1891.744 1892.81 1894.057 1895.355 1896.297 1897.89 1899.55
1840.113 1840.577 1841.11 1841.732 1842.123 1842.82 1843.642 1844.713 1845.235 1845.855 1846.133 1847.213 1847.72 1848.475 1849.022 1849.795 1850.238 1850.973 1851.623 1852.338 1853.152 1854.203 1854.739 1855.615 1856.475 1857.5 1858.378 1859.565 1860.422 1861.272 1862.032 1862.716 1863.235 1863.932 1864.412 1865.152 1865.71 1866.425 1867.019 1868 1868.788 1869.889 1871.195 1872.225 1873.448 1874.483 1875.672 1876.701 1877.995 1879.748 1881.09 1883.041 1885.122 1886.66 1888.123 1889.005 1889.23 1890.787 1891.792 1892.855 1893.875 1895.549 1897.335 1898.508
1840.218 1840.718 1841.28 1842.09 1842.823 1843.6 1844.333 1844.953 1845.792 1846.37 1847.077 1847.738 1848.15 1848.725 1849.225 1849.715 1850.22 1850.795 1851.625 1852.318 1852.83 1853.728 1854.31 1855.055 1856.083 1857.132 1857.941 1859.027 1860.022 1860.8 1861.628 1862.193 1863.018 1863.2 1863.813 1864.45 1865.16 1865.834 1866.833 1867.318 1867.838 1869.237 1870.791 1871.865 1873.093 1874.367 1875.42 1876.282 1877.438 1879.108 1880.662 1882.018 1884.366 1885.564 1887.372 1887.677 1887.843 1888.797 1889.935 1891.399 1893.31 1895.119 1896.515 1896.955
1840.608 1841.35 1841.983 1842.62 1843.358 1844.06 1844.625 1845.657 1846.375 1846.955 1847.662 1848.068 1848.722 1849.248 1849.685 1849.971 1849.871 1850.72 1851.613 1852.123 1852.813 1853.387 1854.147 1855.177 1856.068 1856.623 1857.518 1858.69 1859.517 1860.895 1861.606 1862.064 1862.385 1862.863 1863.256 1864.295 1864.865 1865.357 1866.103 1866.785 1867.698 1869.088 1870.4 1871.453 1872.512 1873.405 1874.482 1875.772 1877.178 1879.045 1880.147 1881.313 1883.425 1885.002 1885.762 1885.97 1886.693 1888.208 1889.127 1890.38 1891.625 1893.198 1894.988 1895.68
1840.73 1841.422 1842.353 1843.11 1843.925 1844.62 1845.362 1846.098 1846.782 1847.695 1848.083 1848.765 1849.255 1849.655 1850.097 1850.565 1850.677 1850.828 1851.38 1851.825 1852.593 1853.27 1854.118 1855.068 1855.734 1856.295 1857.251 1858.6 1859.4 1860.545 1861.078 1862.007 1862.46 1862.808 1863.632 1864.238 1864.618 1865.134 1865.807 1866.41 1867.653 1868.868 1870.152 1871.073 1871.873 1872.683 1873.74 1874.79 1876.568 1878.042 1879.453 1880.455 1882.31 1883.46 1884.025 1884.855 1885.905 1887.188 1888.373 1889.167 1890.54 1891.847 1893.08 1894.722
1840.887 1841.595 1842.627 1843.359 1844.218 1844.978 1845.79 1846.54 1847.228 1847.772 1848.43 1849.015 1849.547 1850.042 1850.545 1851.05 1851.545 1852.027 1852.125 1852.427 1852.792 1853.395 1854.202 1855.397 1856.302 1857.003 1857.896 1858.54 1859.652 1860.115 1861.047 1861.872 1862.32 1862.91 1863.495 1863.84 1864.335 1864.96 1865.422 1866.395 1867.244 1868.318 1869.695 1870.151 1871.27 1872.167 1872.972 1873.953 1875.228 1876.685 1878.374 1879.245 1880.983 1882.047 1882.703 1883.938 1885.17 1886.334 1887.367 1888.768 1889.92 1891.333 1892.76 1893.98
