Scenarios_old/Scenario1/topofan.asc
ncols         196
nrows         170
xllcorner     672458.20357319
yllcorner     151942.30777477
cellsize      2.5
NODATA_value  -9999
[rows 28 to 55 of 170, columns 128 to 191 of 196]
1871.333 1872.575 1874.125 1876.118 1877.7 1878.53 1879.538 1880.815 1882.539 1883.358 1883.943 1884.824 1885.285 1886.09 1886.877 1886.882 1887.632 1888.25 1889.012 1889.291 1890.123 1890.861 1891.625 1893.522 1894.914 1897.109 1899.147 1900.193 1901.574 1902.642 1903.774 1904.505 1904.606 1905.635 1906.56 1907.035 1907.54 1908.25 1909.548 1910.262 1910.948 1911.733 1912.485 1913.019 1914.215 1915.791 1917.463 1919.48 1920.877 1922.142 1923.81 1925.143 1927.568 1929.789 1933.458 1935.649 1936.97 1938.021 1938.704 1939.509 1940.859 1941.818 1942.836 1944.053
1870.794 1871.835 1873.233 1874.83 1875.869 1877.66 1878.552 1879.985 1881.323 1881.848 1882.667 1883.71 1884.123 1884.627 1884.738 1884.67 1885.645 1886.266 1886.81 1888.02 1888.383 1889.646 1891.248 1892.675 1894.468 1896.128 1898.074 1898.907 1900.049 1901.407 1902.195 1902.557 1903.073 1903.728 1904.677 1905.203 1906.258 1906.815 1907.96 1908.82 1909.86 1910.26 1911.047 1912.054 1913.733 1914.922 1916.809 1918.383 1919.761 1921.542 1922.955 1924.756 1926.962 1929.453 1932.052 1935.052 1935.932 1937.115 1937.588 1939.039 1940.088 1940.848 1941.861 1942.99
1869.758 1871.001 1872.117 1873.787 1874.438 1875.887 1877.455 1878.725 1879.458 1880.595 1881.34 1882.25 1882.682 1883.225 1883.085 1883.395 1884.046 1884.281 1885.04 1885.7 1886.972 1888.69 1890.373 1892.052 1893.976 1895.18 1896.767 1898.029 1898.757 1899.685 1900.313 1901.265 1901.718 1902.268 1903.265 1903.82 1904.807 1905.458 1906.863 1907.585 1908.432 1909.025 1909.998 1911.083 1912.22 1913.938 1915.781 1916.797 1917.858 1919.795 1921.785 1923.936 1926.068 1928.588 1931.296 1933.103 1934.873 1936.28 1936.995 1937.843 1938.88 1939.951 1940.661 1941.662
1868.085 1869.248 1870.718 1872.445 1873.405 1874.443 1875.557 1877.175 1877.904 1879.277 1879.813 1880.645 1880.347 1880.844 1881.213 1881.893 1882.53 1882.688 1883.609 1884.515 1885.728 1887.731 1889.785 1891.57 1893.179 1894.593 1895.915 1896.605 1897.46 1898.085 1898.527 1899.522 1900.106 1901.1 1902.054 1902.897 1903.625 1904.137 1905.075 1906.27 1907.105 1907.925 1909.193 1910.17 1911.772 1912.813 1914.198 1915.538 1916.971 1918.932 1920.771 1922.764 1924.997 1927.771 1930.058 1932.373 1933.696 1935.058 1935.719 1936.809 1937.58 1939.228 1940.06 1940.645
1866.805 1867.95 1869.385 1870.163 1871.625 1873.24 1874.393 1875.405 1876.625 1876.085 1876.833 1877.682 1878.2 1878.41 1879.488 1880.149 1880.703 1881.552 1882.642 1883.998 1885.34 1887.715 1888.88 1890.624 1892.323 1893.859 1894.701 1895.455 1896.084 1897.188 1897.526 1897.932 1898.979 1900.152 1900.675 1901.472 1902.37 1903.228 1903.818 1904.936 1906.055 1906.755 1908.153 1909.015 1910.724 1911.945 1913.185 1914.552 1916.039 1917.667 1920.066 1921.983 1923.848 1926.266 1929.001 1931.476 1932.608 1934.032 1934.573 1935.338 1936.787 1938.03 1939.167 1939.962
1865.348 1866.235 1868.022 1869.11 1870.445 1871.617 1872.712 1873.79 1873.527 1874.417 1874.706 1875.618 1875.968 1877.185 1877.401 1878.537 1879.578 1880.863 1881.942 1883.427 1884.781 1886.987 1888.401 1890.044 1891.246 1892.916 1893.635 1894.103 1894.69 1895.909 1896 1896.758 1897.772 1898.455 1899.377 1900.213 1901.09 1901.968 1902.823 1904 1904.74 1905.955 1906.823 1908.034 1909.44 1910.509 1911.593 1913.7 1914.701 1916.482 1918.531 1920.585 1923.235 1925.097 1927.662 1930.328 1931.694 1932.796 1933.652 1934.421 1935.175 1936.353 1937.903 1938.844
1864.713 1865.412 1866.43 1867.88 1869.063 1869.584 1870.473 1871.316 1871.617 1872.659 1873.101 1873.693 1874.515 1875.471 1876.318 1877.647 1878.879 1880.019 1881.649 1882.705 1884.733 1885.987 1887.632 1889.39 1890.411 1891.63 1892.427 1892.699 1892.938 1893.515 1894.8 1895.465 1896.773 1897.28 1898.22 1899.097 1899.86 1900.943 1901.953 1902.802 1903.905 1905.037 1905.943 1906.671 1907.935 1909.135 1910.848 1912.413 1913.915 1915.723 1917.782 1919.611 1921.595 1924.486 1926.499 1929.029 1930.531 1931.575 1932.208 1933.078 1934.48 1935.275 1936.52 1937.661
1863.355 1864.292 1865.45 1866.22 1867.045 1867.639 1868.4 1869.123 1869.735 1870.73 1871.713 1872.08 1872.887 1873.899 1874.957 1876.325 1877.969 1879.132 1880.958 1883.036 1884.387 1885.943 1887.068 1888.599 1889.601 1890.205 1890.851 1891.455 1891.49 1892.175 1893.76 1894.698 1895.52 1896.287 1896.89 1898.01 1898.876 1899.682 1900.863 1901.797 1903.08 1904.18 1904.915 1905.48 1906.595 1907.79 1909.805 1911.146 1913.256 1914.906 1916.772 1918.639 1920.672 1923.243 1926.185 1928.179 1929.752 1930.445 1931.087 1932.106 1933.38 1934.633 1935.722 1936.377
1862.15 1863.341 1864.097 1864.688 1865.485 1866.16 1866.9 1867.751 1868.095 1869.265 1870.24 1870.43 1871.407 1872.436 1874.145 1875.575 1877.302 1879.3 1880.613 1882.226 1883.985 1885.245 1886.162 1887.138 1887.935 1888.162 1888.993 1889.598 1890.292 1891.186 1892.643 1893.573 1894.07 1895.17 1895.554 1896.838 1897.797 1899.045 1899.82 1900.748 1901.645 1902.802 1903.56 1904.045 1905.432 1907.336 1909.057 1910.563 1912.306 1913.709 1915.478 1917.59 1920.145 1922.949 1925.445 1927.662 1928.772 1929.455 1930.28 1931.213 1932.451 1933.979 1934.682 1935.985
1861.125 1862.037 1862.285 1862.677 1863.635 1864.37 1865.15 1865.986 1866.564 1867.261 1868.375 1868.919 1870.26 1871.948 1873.55 1874.934 1877.576 1879.004 1880.35 1881.759 1883.557 1884.26 1884.51 1885.04 1885.82 1886.9 1887.675 1888.287 1889.093 1890.315 1891.848 1892.333 1893.093 1893.72 1894.655 1895.644 1896.795 1897.698 1898.73 1899.742 1900.665 1901.818 1902.522 1903.615 1904.42 1906.12 1908.125 1909.715 1911.265 1912.829 1914.874 1916.502 1918.502 1921.277 1924.292 1926.64 1927.82 1928.729 1929.145 1930.563 1931.948 1933.064 1934.088 1935.112
1858.905 1859.016 1860.253 1861.213 1861.802 1862.49 1863.051 1863.681 1864.455 1865.495 1866.985 1868.238 1869.691 1871.603 1873.348 1874.742 1877.887 1879.422 1880.363 1881.305 1882.755 1883.162 1882.935 1883.455 1884.271 1884.42 1885.961 1887.012 1888.234 1889.461 1890.529 1891.494 1892.147 1893.096 1893.825 1894.869 1895.617 1896.704 1897.695 1899.002 1899.93 1900.772 1901.794 1902.902 1903.47 1905.004 1906.662 1908.583 1910.331 1911.813 1913.045 1915.535 1917.958 1920.432 1922.858 1925.249 1927.03 1928.432 1929.49 1930.386 1931.628 1932.345 1933.37 1934.338
1856.863 1857.375 1857.796 1858.82 1859.235 1860.35 1861.443 1862.531 1863.593 1864.669 1865.82 1867.286 1868.907 1870.079 1871.531 1873.347 1877.185 1878.603 1879.7 1880.45 1880.989 1881.467 1881.276 1881.769 1882.358 1883.565 1885.016 1886.203 1887.583 1888.664 1889.57 1890.825 1891.621 1892.402 1893.225 1894.16 1895.119 1896.333 1897.305 1898.454 1899.432 1900.07 1901.047 1902.345 1903.172 1904.271 1905.921 1907.33 1909.093 1911.02 1912.657 1914.757 1916.511 1919.642 1923.234 1925.412 1926.777 1928.478 1929.34 1930.113 1931.188 1931.83 1932.67 1933.425
1855.282 1855.708 1856.527 1857.21 1857.833 1859.497 1860.835 1862.115 1863.035 1864.14 1865.18 1866.096 1868.017 1869.23 1870.705 1872.892 1875.95 1877.335 1877.595 1878.895 1879.774 1879.929 1880.07 1880.751 1881.624 1882.97 1884.5 1885.617 1887.038 1887.85 1888.673 1889.76 1890.867 1891.805 1892.738 1893.509 1894.508 1896.02 1897.037 1897.837 1898.953 1899.555 1900.588 1901.848 1902.624 1903.79 1905.143 1906.249 1908.211 1910.472 1911.597 1913.868 1915.583 1918.636 1921.162 1924.912 1926.307 1927.905 1928.873 1930.06 1930.588 1931.318 1931.925 1932.672
1853.66 1854.397 1855.77 1856.49 1857.7 1858.75 1860.125 1861.753 1862.501 1863.615 1864.645 1865.693 1866.853 1868.458 1870.515 1872.041 1874.139 1875.405 1876.305 1877.022 1878.025 1877.98 1878.563 1879.615 1880.899 1882.343 1883.869 1885.195 1886.409 1887.152 1888.416 1889.208 1890.267 1891.298 1892.057 1892.925 1893.78 1894.741 1896.098 1896.892 1898.268 1899.147 1900.118 1901.161 1902.24 1903.741 1905.037 1906.222 1907.54 1909.435 1911.115 1913.095 1914.741 1916.93 1920.378 1923.96 1925.616 1927.107 1928.145 1928.82 1929.788 1930.54 1931.488 1932.278
1852.653 1853.676 1854.647 1856.05 1856.972 1858.6 1859.937 1860.807 1861.708 1862.703 1863.65 1864.907 1866.404 1868.12 1869.555 1871.571 1873.225 1874.08 1875.252 1875.675 1875.941 1875.942 1876.968 1878.463 1880.012 1881.526 1883.012 1884.275 1885.9 1886.807 1887.285 1888.62 1889.72 1890.823 1891.535 1892.068 1892.897 1893.742 1895.009 1896.138 1897.535 1898.72 1899.907 1900.938 1901.86 1903.355 1904.063 1905.56 1907.485 1909.362 1911.325 1912.645 1915.09 1917.956 1921.288 1923.667 1924.9 1925.636 1927.27 1928.45 1929.269 1930.123 1931.045 1931.643
1851.698 1853.098 1854.057 1855.823 1856.64 1858.163 1859.394 1860.28 1861.235 1862.042 1862.99 1864.165 1866.113 1867.547 1869.441 1871.51 1872.448 1873.118 1874.16 1874.333 1874.6 1875.035 1875.968 1877.497 1879.705 1881.073 1882.585 1883.835 1885.307 1886.162 1886.48 1887.583 1889.24 1890.315 1890.7 1891.522 1892.152 1892.845 1894.519 1896.018 1897.296 1898.411 1899.328 1900.557 1901.498 1902.03 1903.407 1905.025 1906.99 1908.364 1909.978 1911.843 1915.196 1918.141 1921.51 1923.102 1924.482 1925.31 1926.338 1927.518 1928.54 1929.35 1930.309 1930.865
1851.569 1852.883 1854.03 1855.495 1856.58 1857.557 1858.813 1859.71 1860.792 1861.407 1862.595 1863.993 1865.578 1866.944 1868.802 1870.59 1871.188 1872.112 1872.644 1872.402 1873.145 1873.7 1874.983 1877.45 1879.404 1880.975 1882.284 1883.302 1884.39 1884.645 1885.922 1887.228 1888.686 1889.389 1890.068 1890.708 1891.57 1892.505 1894.104 1895.818 1897.003 1897.91 1899.073 1899.875 1900.907 1901.34 1902.702 1904.952 1906.455 1907.41 1909.334 1911.03 1914.583 1918.358 1921.155 1922.333 1923.525 1924.596 1925.262 1926.687 1927.735 1928.681 1929.225 1930.37
1851.127 1852.503 1854.048 1855 1856.276 1857.575 1858.53 1859.328 1860.47 1861.548 1862.407 1863.745 1865.272 1866.342 1868.227 1869.448 1870.112 1870.557 1870.937 1871.087 1872.039 1873.609 1875.109 1877.65 1879.723 1880.951 1881.749 1882.46 1883 1883.544 1885.18 1886.883 1887.845 1888.655 1889.07 1889.84 1890.843 1891.53 1893.259 1895.378 1896.75 1897.662 1898.505 1899.27 1899.89 1900.705 1902.055 1903.738 1905.373 1906.675 1907.859 1910.876 1914.149 1917.433 1919.971 1921.655 1922.203 1923.47 1924.594 1925.665 1927.13 1927.855 1928.813 1929.67
1850.598 1852.858 1853.689 1854.792 1855.982 1857.495 1858.527 1859.45 1860.35 1861.435 1862.455 1863.228 1864.405 1865.919 1867.426 1867.965 1868.595 1868.613 1869.032 1870.175 1871.81 1873.2 1875.573 1877.671 1879.374 1879.953 1880.269 1880.814 1881.465 1882.845 1884.382 1885.907 1887.472 1887.555 1888.182 1889.316 1890.085 1890.502 1892.392 1893.935 1895.469 1896.6 1897.727 1898.215 1898.755 1900.012 1901.2 1902.519 1904.205 1905.876 1907.842 1910.05 1912.122 1915.125 1917.883 1919.622 1921.157 1922.335 1923.68 1924.823 1926.042 1926.863 1927.93 1928.975
1850.719 1852.328 1853.423 1855.363 1856.393 1857.907 1858.489 1859.75 1860.295 1861.387 1862.24 1862.778 1863.89 1864.995 1865.938 1866.431 1866.97 1867.135 1867.911 1869.918 1871.568 1873.125 1874.8 1876.792 1877.823 1878.07 1878.512 1879.958 1880.585 1882.004 1883.596 1884.917 1885.798 1886.419 1887.011 1887.948 1888.786 1889.527 1890.835 1892.495 1894.543 1895.535 1896.395 1897.01 1898.01 1899.302 1900.479 1901.53 1902.941 1905.051 1907.347 1909.617 1911.873 1913.99 1915.693 1917.91 1919.507 1921.068 1922.323 1923.495 1924.718 1925.673 1926.472 1927.262
1850.816 1852.195 1854.15 1855.14 1856.442 1857.47 1858.573 1859.445 1860.19 1861.11 1861.44 1862.37 1862.926 1863.789 1864.563 1864.818 1865.057 1865.751 1867.364 1868.955 1871.33 1873.002 1874.483 1874.876 1875.593 1876.573 1877.911 1879.195 1880.002 1880.905 1882.002 1883.917 1884.629 1885.285 1885.94 1886.45 1887.272 1888.335 1889.82 1890.956 1893.351 1894.267 1894.752 1896.172 1897.167 1898.106 1899.23 1900.54 1902.958 1905.005 1906.32 1908.405 1910.742 1913.66 1915.623 1917.182 1918.58 1919.958 1921.057 1922.397 1923.11 1924.33 1925.444 1926.427
1850.258 1852.166 1853.884 1854.818 1856.324 1857.19 1857.988 1858.9 1859.735 1860.61 1861.088 1861.545 1861.695 1862.04 1862.653 1863.208 1863.641 1864.501 1866.085 1868.34 1870.58 1871.86 1872.688 1873.551 1874.085 1875.296 1876.695 1878.255 1879.045 1879.942 1880.93 1882.662 1883.392 1883.742 1884.473 1885.162 1886.114 1887.12 1888.598 1889.748 1891.93 1892.93 1893.829 1894.816 1895.69 1896.24 1897.877 1899.381 1902.164 1903.71 1905.469 1908.301 1909.895 1912.18 1914.045 1915.88 1917.854 1919.34 1920.029 1921.512 1922.345 1923.633 1924.675 1925.805
1850.223 1852.35 1854.11 1854.695 1855.585 1856.693 1857.422 1857.766 1858.3 1859.657 1859.853 1859.83 1860 1860.593 1861.093 1861.895 1862.537 1863.543 1865.098 1866.677 1868.736 1869.711 1870.73 1871.675 1873.139 1874.637 1875.73 1876.983 1878.287 1879.035 1880.021 1880.835 1881.793 1882.549 1883.455 1883.535 1884.294 1885.873 1887.479 1888.23 1890.031 1891.866 1893.115 1894.052 1894.509 1895.436 1896.81 1898.755 1901.068 1902.637 1904.23 1906.643 1908.755 1910.523 1912.865 1914.353 1915.536 1916.772 1918.723 1920.125 1921.728 1922.802 1924.11 1924.903
1850.682 1852.26 1852.752 1853.66 1854.275 1854.94 1855.247 1855.813 1856.412 1857.06 1858.012 1858.291 1859.191 1859.147 1860.33 1860.877 1861.496 1862.575 1864.12 1865.935 1867.325 1868.112 1868.86 1870.21 1871.985 1873.608 1874.626 1875.505 1876.752 1877.63 1878.583 1879.289 1880.313 1881.503 1882.255 1882.671 1882.758 1884.675 1885.838 1888.111 1889.623 1890.534 1891.665 1892.725 1893.483 1894.56 1896.463 1897.97 1899.514 1901.348 1902.637 1904.867 1907.015 1907.471 1908.132 1911.935 1913.269 1914.711 1916.155 1919.311 1920.705 1921.782 1922.648 1924.088
1849.438 1850.478 1851.358 1851.643 1851.817 1853.017 1853.43 1853.995 1854.903 1855.835 1856.445 1856.853 1857.484 1858.11 1859.262 1860.039 1860.54 1861.715 1862.978 1864.492 1866.198 1867.091 1867.675 1869.044 1870.688 1872.124 1873.193 1874.73 1875.616 1876.357 1877.225 1877.99 1878.47 1879.56 1880.396 1880.885 1881.576 1882.98 1885.578 1887.297 1888.958 1890.063 1890.912 1891.926 1892.517 1894.591 1896.369 1897.258 1898.64 1900.038 1901.134 1903.474 1904.557 1904.836 1905.135 1906.99 1910.22 1911.704 1914.92 1915.355 1917.61 1919.838 1921.56 1923.61
1847.945 1848.443 1849.42 1849.875 1850.358 1851.161 1851.98 1852.792 1853.7 1854.395 1855.248 1855.757 1856.25 1857.321 1858.263 1859.067 1859.693 1860.844 1862.427 1863.386 1864.542 1865.14 1866.382 1868.135 1869.769 1871.218 1872.637 1874.185 1874.671 1875.48 1876.382 1876.823 1876.743 1877.77 1879.022 1880.138 1881.37 1883.74 1885.133 1886.907 1888.209 1889.377 1889.76 1891.079 1891.795 1893.164 1894.786 1896.498 1897.968 1899.087 1900.005 1901.27 1902.296 1903.782 1904.397 1905.654 1907.438 1909.145 1911.393 1912.913 1914.525 1915.695 1918.585 1922.06
1846.897 1847.528 1848.032 1848.524 1848.82 1849.4 1850.265 1851.05 1851.958 1853.091 1854.227 1854.653 1855.353 1856.5 1857.022 1857.599 1858.54 1859.829 1861.147 1861.932 1862.99 1863.865 1865.653 1867.405 1868.837 1870.495 1872.125 1873.66 1874.25 1875.3 1875.94 1876.328 1876.042 1876.502 1877.443 1878.76 1881.377 1883.194 1884.632 1886.195 1887.465 1887.94 1888.618 1890.285 1891.142 1892.432 1893.85 1895.237 1896.51 1898.18 1898.688 1899.718 1901.167 1902.332 1903.745 1904.791 1906.53 1907.684 1908.865 1910.152 1911.843 1912.521 1915.842 1919.563
1844.975 1846.141 1846.646 1846.743 1847.23 1848.025 1849.025 1850.252 1851.04 1852.015 1853.24 1853.774 1854.274 1855.32 1855.993 1856.405 1857.45 1858.852 1859.821 1861.093 1862.547 1863.998 1865.758 1867.083 1868.87 1870.915 1872.614 1873.163 1874.035 1874.93 1875.387 1875.693 1875.76 1876.06 1876.58 1878.465 1881.339 1883.185 1884.333 1885.397 1886.03 1886.878 1887.757 1888.897 1890.037 1891.234 1893.208 1894.427 1895.547 1896.338 1897.335 1898.749 1900.188 1901.045 1902.578 1903.845 1905.613 1906.998 1908.126 1909.277 1910.126 1911.411 1915.918 1920.605
