Scenarios_old/Scenario1/topofan.asc
ncols         196
nrows         170
xllcorner     672458.20357319
yllcorner     151942.30777477
cellsize      2.5
NODATA_value  -9999
[rows 112 to 139 of 170, columns 0 to 63 of 196]
1849.807 1848.875 1848.853 1848.348 1847.86 1847.646 1847.527 1847.679 1847.45 1847.372 1846.875 1846.363 1846.498 1846.758 1846.84 1846.215 1846.575 1847.921 1847.512 1847.215 1846.985 1846.347 1846.157 1845.455 1844.863 1844.167 1843.713 1842.813 1841.878 1840.71 1840.07 1839.1 1838.445 1837.797 1837.357 1837.04 1836.6 1835.813 1835.545 1835 1834.4 1833.56 1832.991 1832.127 1831.594 1830.777 1830.545 1830.13 1829.851 1829.875 1830.022 1829.89 1830.157 1830.155 1829.962 1829.715 1829.872 1829.688 1830.098 1830.58 1830.927 1830.807 1831.133 1831.02
1850.7 1849.807 1849.808 1849.482 1849.035 1848.758 1848.82 1848.929 1849.09 1848.491 1848.392 1847.873 1847.97 1848.139 1847.896 1847.823 1848.278 1848.922 1848.891 1848.708 1848.19 1847.655 1847.468 1846.805 1846.1 1845.542 1844.627 1844.201 1843.313 1842.222 1841.31 1840.382 1839.552 1838.888 1838.412 1837.848 1837.56 1836.853 1836.272 1835.88 1835.193 1834.515 1834.06 1833.265 1832.355 1831.873 1831.37 1831.109 1830.768 1831.15 1831.25 1831.29 1831.167 1830.838 1830.922 1830.9 1830.643 1831.073 1831.235 1831.535 1831.86 1831.988 1831.82 1832.203
1851.367 1850.901 1850.417 1850.235 1849.835 1849.872 1850.322 1850.246 1850.455 1849.936 1849.468 1849.362 1849.281 1849.636 1849.03 1849.114 1849.242 1850.282 1850.042 1849.925 1849.39 1849.22 1848.38 1848.109 1847.147 1846.965 1846.01 1845.42 1844.743 1843.445 1842.413 1841.785 1840.839 1839.982 1839.67 1839.115 1838.377 1838.073 1837.225 1836.847 1836.172 1835.682 1835.1 1834.105 1833.432 1833.068 1832.233 1831.855 1831.84 1832.42 1832.505 1832.485 1832.285 1832.037 1831.93 1832.035 1832.052 1832.338 1832.397 1832.622 1832.708 1833.01 1833.185 1833.435
1852.458 1851.925 1851.301 1851.324 1851.57 1851.162 1851.404 1851.679 1851.882 1851.376 1851.331 1850.732 1850.609 1850.828 1850.304 1850.714 1850.742 1851.497 1851.361 1851.09 1850.725 1850.335 1849.85 1849.43 1848.65 1848.28 1847.435 1846.58 1845.847 1844.77 1843.655 1842.645 1841.877 1841.458 1840.66 1840.315 1839.535 1839.222 1838.324 1838.125 1837.33 1836.422 1835.916 1834.949 1834.583 1834.242 1833.656 1833.118 1833.073 1833.472 1833.53 1833.538 1833.498 1833.337 1833.137 1833.228 1833.282 1833.35 1833.527 1833.703 1833.73 1834.313 1834.485 1834.65
1853.232 1852.89 1852.704 1852.409 1852.465 1852.757 1852.846 1853.088 1853.039 1852.617 1852.468 1852.39 1852.234 1852.27 1851.839 1851.93 1851.811 1852.333 1852.895 1852.593 1851.893 1851.551 1851.39 1850.552 1849.94 1849.282 1848.613 1847.471 1847.005 1846.037 1844.705 1843.957 1843.282 1842.443 1841.91 1841.152 1840.705 1840.113 1839.479 1838.95 1838.302 1837.453 1836.57 1836.01 1835.453 1834.915 1834.512 1833.99 1834.068 1834.502 1834.72 1834.702 1834.766 1834.36 1834.348 1834.432 1834.43 1834.495 1834.795 1834.972 1835.258 1835.532 1836.055 1835.53
1854.23 1854.01 1853.865 1853.703 1853.679 1854.296 1854.28 1854.438 1854.23 1853.99 1854.14 1853.945 1853.655 1853.742 1852.627 1852.83 1852.91 1853.98 1854.01 1854.017 1853.302 1852.815 1852.529 1851.792 1851.297 1850.233 1849.765 1848.868 1848.367 1847.288 1846.185 1845.26 1844.585 1843.395 1842.988 1842.412 1841.75 1841.103 1840.53 1839.748 1839.203 1838.367 1837.598 1836.941 1836.343 1835.961 1835.083 1834.61 1834.749 1835.49 1835.688 1836.002 1836.045 1835.719 1835.65 1835.798 1835.677 1835.873 1836.017 1836.233 1836.657 1836.618 1836.902 1836.915
1855.16 1855.064 1854.94 1855.252 1855.28 1855.703 1855.665 1855.762 1855.68 1855.54 1855.362 1855.275 1855.119 1854.796 1853.935 1854.287 1854.117 1855.488 1855.095 1854.854 1854.755 1854.125 1853.428 1853.17 1852.5 1851.743 1851.163 1850.208 1849.356 1848.375 1847.395 1846.364 1845.368 1844.807 1843.845 1843.38 1842.815 1842.09 1841.594 1840.905 1839.995 1839.432 1838.482 1837.912 1837.38 1836.869 1836.16 1835.295 1835.057 1836.045 1836.775 1837.042 1837.186 1836.77 1837.1 1837.251 1837.23 1837.407 1837.15 1837.583 1837.738 1837.777 1838.047 1838.008
1856 1856.275 1856.356 1856.422 1856.335 1856.425 1856.939 1856.907 1856.849 1856.78 1856.895 1856.692 1856.672 1856.165 1855.402 1855.507 1855.31 1856.47 1856.502 1856.488 1856.105 1855.475 1855.083 1854.698 1853.882 1853.223 1852.147 1851.672 1850.41 1849.675 1848.588 1847.537 1846.568 1845.833 1844.823 1844.689 1843.912 1843.255 1842.545 1842.039 1841.085 1840.389 1839.57 1838.738 1838.133 1838.002 1837.397 1836.396 1836.135 1836.45 1837.35 1837.925 1837.983 1837.945 1838.255 1838.245 1838.345 1838.573 1838.695 1838.74 1838.875 1838.983 1838.948 1838.917
1857.32 1857.3 1857.672 1857.509 1857.688 1857.778 1857.99 1858.028 1858.303 1858.146 1858.027 1858.005 1857.96 1857.3 1856.808 1857.031 1857.06 1857.881 1857.958 1857.752 1857.192 1856.981 1856.414 1855.945 1855.135 1854.645 1853.508 1852.807 1851.753 1850.657 1849.932 1848.718 1847.609 1846.601 1846.022 1845.575 1844.897 1844.627 1843.955 1842.877 1842.282 1841.182 1840.695 1839.897 1839.53 1839.06 1838.451 1837.661 1837.392 1837.485 1837.925 1838.333 1839 1839.07 1839.267 1839.583 1839.708 1840.045 1840.08 1840 1840.172 1839.892 1839.723 1839.95
1858.907 1858.507 1858.843 1858.584 1858.795 1858.9 1859.402 1859.657 1859.297 1859.453 1859.36 1859.37 1859.018 1858.354 1858.271 1858.529 1858.327 1859.34 1859.187 1858.925 1858.631 1858.26 1857.765 1857.2 1856.575 1855.623 1855.245 1854.145 1853.297 1852.167 1851.119 1849.68 1848.647 1847.813 1847.078 1846.505 1846.278 1845.415 1844.985 1843.995 1843.298 1842.385 1841.438 1841.06 1840.72 1840.282 1839.635 1839.117 1838.502 1838.637 1839.177 1839.387 1839.973 1840.123 1840.425 1841.03 1840.925 1841.292 1841.44 1841.325 1840.96 1841.04 1841.008 1841.045
1860.125 1859.541 1859.84 1859.995 1860.135 1860.364 1860.527 1860.805 1860.607 1860.543 1860.647 1860.75 1860.154 1859.265 1859.913 1859.897 1859.847 1860.57 1860.299 1860.165 1860.002 1859.76 1859.017 1858.578 1858.022 1857.213 1856.47 1855.58 1854.515 1853.502 1852.281 1851.012 1849.723 1848.64 1848.33 1847.677 1847.126 1846.62 1845.801 1845.292 1844.25 1843.593 1842.5 1842.213 1841.77 1841.752 1840.885 1840.409 1840.132 1839.982 1840.285 1840.605 1840.78 1841.37 1841.703 1842.295 1842.503 1842.843 1842.742 1842.425 1842.002 1842.215 1842.057 1842.065
1861.512 1860.798 1860.946 1861.272 1861.296 1861.294 1861.782 1862.161 1861.787 1861.777 1861.883 1861.807 1861.49 1860.245 1860.865 1860.745 1861.047 1861.867 1861.705 1861.904 1861.515 1860.936 1860.5 1859.782 1859.295 1858.537 1857.932 1856.732 1855.785 1854.463 1853.155 1851.958 1850.787 1849.677 1849.372 1848.845 1848.047 1847.465 1846.885 1846.128 1845.225 1844.486 1843.995 1843.525 1843.115 1843.08 1842.6 1842.13 1841.925 1841.672 1841.637 1841.703 1841.982 1842.353 1843.588 1843.7 1844.203 1843.982 1843.848 1843.536 1843.517 1843.23 1843.27 1843.235
1863.159 1862.038 1862.229 1862.42 1862.841 1862.997 1863.119 1863.05 1863.292 1862.662 1863.151 1863.006 1862.47 1862.049 1862.34 1861.922 1862.503 1863.463 1863.343 1863.137 1862.833 1862.203 1861.984 1861.34 1860.688 1859.846 1858.75 1858.198 1856.92 1855.733 1854.195 1852.84 1851.698 1850.896 1850.292 1850.063 1849.231 1848.461 1848.08 1846.968 1846.297 1845.453 1845.252 1845.415 1844.621 1844.222 1844.03 1843.85 1843.488 1842.84 1842.948 1842.958 1843.492 1844.01 1844.27 1844.755 1845.205 1845.368 1845.313 1844.843 1844.642 1844.568 1844.345 1844.015
1864.318 1863.705 1863.537 1864.194 1864.534 1864.539 1864.033 1864.387 1864.36 1864.34 1864.59 1864.463 1863.297 1863.656 1863.672 1863.244 1863.522 1864.68 1864.63 1864.388 1864.015 1863.682 1863.18 1862.458 1861.975 1860.93 1860.225 1859.09 1858.03 1856.415 1855.025 1853.578 1852.85 1852.155 1851.483 1850.931 1850.513 1849.68 1848.81 1847.853 1847.347 1846.995 1846.807 1846.395 1846.292 1846.035 1845.88 1845.48 1845.383 1844.913 1844.566 1844.432 1845.295 1845.422 1845.75 1846.208 1846.49 1846.713 1846.44 1845.995 1845.665 1845.6 1845.357 1845.505
1866.248 1865.897 1864.958 1865.765 1865.5 1865.916 1865.763 1865.427 1865.443 1865.532 1865.664 1865.62 1864.767 1865.145 1864.726 1864.591 1864.584 1865.97 1866.045 1865.633 1865.4 1864.715 1864.37 1863.825 1862.874 1862.165 1861.315 1859.996 1858.943 1857.465 1855.9 1854.785 1853.851 1853.38 1852.652 1851.909 1851.621 1850.616 1849.595 1849.26 1848.837 1848.623 1848.365 1847.674 1847.872 1847.802 1847.655 1847.422 1847.083 1846.575 1846.512 1846.31 1846.895 1847.225 1847.25 1847.505 1847.953 1847.632 1847.968 1847.446 1847.037 1846.647 1846.667 1846.798
1868.705 1867.963 1867.099 1867.057 1867.086 1867.676 1867.19 1866.835 1867.01 1867.196 1867.453 1866.845 1866.117 1866.46 1866.026 1866.083 1865.972 1866.77 1867.373 1867.04 1866.358 1866.068 1865.445 1864.881 1863.93 1863.242 1862.318 1861.027 1859.938 1858.55 1857.085 1855.537 1854.807 1854.371 1853.667 1853.328 1852.603 1851.844 1850.915 1850.868 1850.048 1850.04 1849.623 1849.47 1849.87 1849.535 1849.58 1849 1848.792 1848.195 1847.932 1847.813 1847.998 1848.585 1848.38 1848.777 1848.905 1849.103 1849.12 1848.818 1848.407 1847.853 1848.14 1847.948
1871.764 1870.203 1869.58 1868.855 1868.928 1868.805 1868.746 1868.219 1868.152 1868.642 1868.615 1868.575 1867.6 1867.745 1867.804 1867.412 1867.334 1868.807 1868.74 1868.137 1867.693 1867.313 1866.846 1865.76 1865.096 1864.005 1863.285 1862.319 1861.18 1859.122 1857.735 1856.659 1856.065 1855.243 1854.79 1854.257 1853.753 1853.083 1852.41 1852.441 1851.83 1851.492 1851.427 1851.473 1851.607 1851.355 1851.42 1850.703 1850.353 1849.63 1849.167 1849.618 1849.622 1849.965 1849.98 1850.44 1850.345 1850.257 1850.262 1850.213 1850.099 1849.35 1849.208 1849.45
1873.831 1872.218 1872.298 1870.475 1871.035 1870.573 1870.294 1869.699 1869.232 1869.584 1870.117 1869.711 1869.448 1869.14 1868.855 1868.84 1868.669 1870.05 1870.12 1869.549 1869.323 1868.948 1867.8 1867.253 1866.135 1865.357 1864.295 1863.27 1861.831 1860.074 1858.435 1857.878 1857.35 1856.738 1855.945 1855.522 1854.792 1854.363 1854.2 1854.022 1853.71 1853.425 1853.05 1852.797 1853.388 1853.248 1853.081 1852.652 1852.205 1851.512 1851.593 1851.172 1851.155 1851.09 1851.33 1851.778 1851.59 1851.62 1851.802 1851.857 1851.412 1850.915 1850.497 1850.647
1876.36 1875.339 1873.858 1872.874 1872.228 1872.415 1871.394 1870.825 1870.552 1871.116 1871.397 1871.39 1870.965 1870.365 1870.427 1870.856 1869.994 1871.49 1871.565 1871.015 1870.496 1869.89 1869.243 1868.468 1867.36 1866.468 1865.478 1864.417 1862.466 1860.55 1859.367 1859.096 1858.311 1857.997 1857.145 1856.905 1855.78 1855.815 1855.544 1855.505 1855.475 1855.03 1855.11 1854.835 1855.518 1855.089 1855.5 1854.679 1854.532 1853.711 1853.532 1853.075 1852.435 1852.41 1852.667 1852.813 1852.8 1852.748 1853.018 1852.904 1852.605 1852.08 1851.72 1851.912
1878.735 1877.125 1876.164 1874.546 1874.677 1873.757 1872.455 1871.27 1871.46 1872.14 1872.614 1872.654 1872.997 1872.704 1871.782 1872.078 1871.545 1873.101 1872.896 1872.341 1871.743 1871.172 1870.575 1869.595 1868.77 1867.748 1866.695 1864.825 1863.3 1861.772 1860.953 1860.41 1859.646 1859.369 1858.715 1857.915 1856.893 1857.12 1856.952 1857.078 1856.965 1856.742 1856.51 1856.887 1857.237 1857.425 1857.5 1856.65 1856.672 1855.718 1855.568 1855.019 1854.193 1854.02 1854.088 1854.182 1853.758 1854.381 1854.31 1854.138 1854.128 1853.573 1853.111 1852.978
1880.825 1878.77 1877.42 1876.82 1876.299 1874.826 1874.03 1873.468 1873.372 1873.595 1874.18 1874.27 1874.063 1873.917 1874.24 1873.679 1872.82 1873.7 1874.177 1873.9 1872.917 1872.69 1871.948 1870.883 1870.163 1869 1867.435 1865.61 1864.177 1862.875 1862.18 1861.353 1861.13 1860.681 1859.902 1859.252 1858.57 1858.973 1858.713 1858.943 1858.546 1858.453 1858.81 1859.215 1859.171 1859.395 1859.193 1858.787 1858.857 1857.573 1857.232 1856.847 1856.37 1855.458 1855.162 1855.116 1855.397 1855.402 1855.358 1855.35 1855.323 1855.205 1854.645 1854.27
1882.782 1879.848 1878.87 1878.213 1877.671 1876.492 1876.336 1875.247 1874.688 1875.689 1875.753 1875.796 1875.581 1875.48 1875.62 1874.897 1874.24 1875.907 1875.69 1875.125 1874.385 1873.895 1872.953 1872.228 1871.17 1870.105 1868.547 1866.838 1865.032 1864.325 1863.601 1863.17 1862.604 1861.885 1861.365 1860.385 1860.6 1860.93 1860.387 1860.225 1860.425 1859.823 1860.78 1860.943 1861.34 1860.87 1861.057 1860.723 1860.498 1859.637 1859.318 1858.422 1857.72 1856.837 1856.835 1856.443 1856.904 1856.235 1856.667 1856.782 1856.72 1856.725 1856.125 1855.99
1884.229 1882.125 1880.657 1879.75 1878.934 1878.123 1877.393 1877.762 1877.929 1877.796 1877.81 1877.481 1876.723 1876.824 1876.588 1875.718 1875.61 1877.251 1876.965 1876.335 1875.805 1875.154 1874.25 1873.402 1872.348 1870.797 1869.378 1867.963 1866.583 1865.568 1864.887 1864.2 1864.02 1863.535 1863.073 1862.708 1863.247 1863.43 1862.27 1862.103 1862.115 1862.087 1862.443 1862.328 1862.853 1862.873 1862.8 1862.525 1862.385 1861.498 1861.203 1860.107 1859.159 1858.615 1858.355 1858.286 1858.422 1857.852 1857.778 1857.78 1857.718 1857.748 1857.285 1857.3
1885.108 1882.886 1881.922 1881.463 1880.432 1879.557 1879.603 1880.343 1880.388 1880.237 1880.186 1878.815 1877.74 1878.084 1877.98 1877.18 1877.494 1878.448 1878.103 1877.627 1877.163 1876.565 1875.742 1874.797 1873.24 1871.99 1871.015 1869.51 1868.614 1867.014 1866.228 1865.84 1865.272 1865.215 1865.12 1865.139 1865.522 1865.265 1863.966 1863.958 1863.725 1863.47 1863.758 1864.367 1864.387 1864.585 1864.59 1864.66 1864.187 1863.328 1862.833 1861.647 1860.205 1859.807 1859.82 1859.65 1859.94 1859.737 1859.165 1859.247 1859.165 1859.098 1858.758 1858.492
1885.885 1884.581 1883.523 1882.945 1882.083 1882.16 1882.177 1882.87 1883.326 1882.927 1882.175 1880.32 1879.565 1879.08 1879.297 1878.754 1878.215 1880.083 1879.43 1879.162 1878.218 1877.838 1876.93 1875.795 1874.242 1873.135 1871.963 1871.318 1870.407 1868.291 1867.77 1867.64 1867.038 1867.215 1867.188 1867.46 1867.258 1867.012 1865.752 1865.745 1865.338 1865.262 1865.612 1865.96 1866.432 1866.473 1866.94 1867.127 1866.182 1865.568 1864.299 1863.268 1861.635 1861.324 1861.195 1861.203 1861.257 1861.015 1861.3 1861.407 1861.105 1860.535 1860.46 1860.275
1887.419 1886.073 1885.402 1884.616 1884.545 1885.305 1884.825 1886.137 1886.743 1885.327 1883.544 1881.54 1880.995 1880.951 1880.546 1880.181 1879.893 1881.224 1880.995 1880.445 1879.875 1878.955 1878.17 1876.985 1875.674 1874.652 1873.748 1873.518 1872.575 1870.12 1869.685 1869.213 1869.117 1868.825 1868.903 1869.943 1869.344 1868.502 1867.627 1867.667 1867.175 1867.194 1867.29 1867.465 1868.12 1868.46 1869.1 1869.025 1868.353 1867.443 1865.927 1864.352 1862.884 1862.6 1862.927 1862.887 1863.103 1862.75 1862.677 1862.71 1862.907 1862.242 1861.927 1861.975
1889.061 1887.534 1886.965 1886.804 1886.605 1887.653 1887.595 1889.37 1888.985 1887.931 1885.29 1882.864 1882.16 1882.223 1882.134 1881.932 1881.655 1882.627 1882.593 1882.05 1880.902 1880.01 1879.241 1878.228 1877.163 1876.203 1875.515 1875.897 1873.805 1871.801 1871.539 1871.245 1870.998 1870.723 1871.223 1871.84 1871.159 1870.377 1869.535 1869.41 1869.225 1869.232 1869.298 1869.58 1869.74 1870.855 1871.097 1870.595 1870.03 1868.836 1867.157 1865.485 1864.031 1864.123 1864.177 1864.465 1864.393 1864.555 1864.632 1864.415 1864.025 1863.88 1864.06 1863.965
1890.301 1889.932 1889.108 1888.868 1889.583 1890.91 1891.951 1892.119 1891.351 1889.516 1886.24 1884.23 1883.803 1883.443 1883.537 1883.302 1883.806 1884.417 1884.095 1883.18 1882.458 1881.438 1880.41 1879.631 1878.54 1878.147 1878.325 1877.22 1875.673 1873.673 1873.443 1873.125 1873.007 1873.357 1873.62 1873.435 1873.334 1872.38 1871.668 1871.248 1870.893 1870.915 1870.978 1871.195 1871.498 1872.625 1872.542 1872.48 1871.532 1869.792 1868.552 1866.885 1865.713 1865.655 1865.932 1865.95 1866.06 1866.215 1866.211 1865.82 1866.155 1865.615 1865.425 1865.645
