Scenarios_old/Scenario1/topofan.asc
ncols         196
nrows         170
xllcorner     672458.20357319
yllcorner     151942.30777477
cellsize      2.5
NODATA_value  -9999
[rows 0 to 27 of 170, columns 0 to 63 of 196]
1800.25 1800.809 1800.988 1801.383 1801.699 1802.055 1802.626 1803.288 1803.813 1804.388 1805.107 1805.263 1805.718 1806.262 1806.648 1807.079 1807.292 1808.277 1808.24 1808.505 1808.861 1809.474 1810.225 1810.853 1811.757 1812.123 1812.552 1813.085 1813.333 1813.858 1814.969 1815.84 1816.84 1816.877 1817.213 1818.098 1819.124 1819.85 1820.05 1820.402 1820.79 1820.873 1821.032 1821.829 1821.959 1822.39 1822.79 1823.64 1824.123 1824.527 1824.85 1826.1 1826.117 1826.565 1828.022 1829.094 1829.902 1830.972 1831.443 1832.432 1833.35 1834.9 1835.83 1836.83
1799.575 1800.296 1800.411 1800.709 1800.927 1801.486 1802.117 1802.6 1803.282 1803.652 1804.105 1804.628 1805.097 1805.458 1806.066 1806.355 1806.838 1807.37 1807.488 1807.955 1808.355 1808.833 1809.41 1810.13 1810.728 1811.315 1811.777 1812.107 1812.465 1812.903 1813.608 1813.979 1815.198 1815.063 1815.735 1816.36 1817.142 1817.772 1818.005 1818.78 1819.04 1819.644 1819.487 1820.125 1820.368 1820.287 1821.551 1821.885 1822.345 1823.032 1824.328 1824.385 1824.755 1825.557 1826.818 1827.145 1828.233 1829.028 1829.62 1830.7 1832.637 1833.468 1834.807 1835.525
1799.28 1799.368 1799.734 1800.167 1800.41 1800.997 1801.448 1801.887 1802.451 1802.767 1803.346 1803.937 1804.493 1804.998 1805.412 1805.756 1806.113 1806.505 1806.846 1807.261 1807.8 1808.238 1808.752 1809.295 1809.94 1810.618 1810.945 1811.288 1811.695 1811.907 1812.113 1812.244 1812.732 1812.868 1813.613 1814.48 1815.508 1816.292 1816.873 1817.097 1817.787 1818.077 1818.034 1818.297 1818.922 1819.095 1819.712 1820.583 1821.068 1822.085 1823.238 1823.595 1823.495 1824.49 1824.975 1825.242 1826.392 1827.208 1827.787 1828.883 1830.118 1831.875 1833.115 1833.569
1798.552 1798.875 1799.341 1799.542 1799.989 1800.385 1800.754 1801.437 1801.906 1802.249 1802.65 1803.246 1803.847 1804.267 1804.623 1805.133 1805.419 1805.757 1806.118 1806.58 1807 1807.482 1808.07 1808.63 1809.083 1809.938 1810.185 1810.59 1810.915 1810.943 1810.993 1810.76 1811.015 1811.558 1812.115 1813.177 1813.985 1814.713 1814.938 1815.413 1815.841 1816.33 1816.623 1816.765 1817.245 1817.782 1818.405 1819.005 1820.07 1820.848 1822.09 1822.373 1822.738 1823.518 1823.97 1824.422 1825.11 1825.818 1826.665 1827.33 1829.06 1830.665 1831.248 1831.652
1797.923 1798.352 1798.715 1798.733 1799.193 1799.66 1800.184 1801.059 1801.422 1801.859 1802.257 1803.022 1803.391 1803.571 1803.952 1804.313 1804.709 1805.203 1805.61 1805.935 1806.395 1807.01 1807.36 1808.01 1808.711 1809.078 1809.512 1809.93 1810.19 1810.143 1810.09 1809.742 1809.535 1810.093 1810.77 1811.507 1812.268 1813.09 1813.295 1814.213 1814.432 1814.995 1814.772 1814.93 1815.557 1816.09 1817.022 1817.84 1818.345 1819.613 1820.75 1821.235 1821.555 1822.52 1823.238 1823.758 1824.128 1825.17 1825.9 1826.578 1828.08 1829.081 1829.607 1829.986
1797.299 1797.71 1797.823 1798.205 1798.588 1799.186 1799.79 1800.573 1800.73 1801.255 1801.908 1802.202 1802.627 1803.203 1803.32 1803.585 1803.82 1804.573 1804.853 1805.25 1805.843 1806.36 1806.88 1807.58 1807.926 1808.458 1808.792 1808.958 1809.242 1809.41 1809.203 1808.718 1808.645 1808.708 1809.335 1809.88 1810.57 1811.455 1812.078 1812.499 1812.605 1813.36 1813.565 1813.403 1814.088 1815.08 1816.088 1816.318 1817.33 1818.16 1819.502 1820.088 1820.958 1821.795 1822.27 1822.795 1823.112 1824.208 1825.065 1826.1 1826.7 1827.807 1828.068 1828.343
1796.585 1797.143 1797.216 1797.425 1797.948 1798.727 1799.522 1799.746 1800.19 1800.94 1801.365 1801.674 1802.015 1802.407 1802.653 1802.83 1803.141 1803.843 1804.208 1804.535 1805.16 1805.703 1806.377 1806.792 1807.18 1807.795 1807.91 1808.417 1808.525 1808.392 1808.473 1808.14 1807.945 1808.083 1808.135 1808.545 1809.203 1809.84 1810.607 1810.695 1811.627 1811.752 1812.265 1812.98 1813.365 1813.9 1814.6 1815.282 1816.097 1817.078 1818.018 1819.405 1820.255 1820.978 1821.55 1821.833 1822.292 1823.272 1824.149 1824.745 1825.545 1825.787 1826.847 1827.208
1795.499 1796.02 1796.568 1796.999 1797.127 1798.027 1798.417 1798.824 1799.653 1800.38 1800.785 1801.046 1801.245 1801.623 1801.918 1802.167 1802.509 1803.233 1803.853 1804.015 1804.522 1805.103 1805.625 1806.098 1806.568 1806.755 1807.277 1807.547 1807.458 1807.833 1807.835 1807.493 1807.292 1807.313 1807.653 1807.797 1808.425 1808.96 1809.478 1809.97 1810.53 1811.23 1812.022 1812.358 1812.885 1813.58 1814.09 1814.785 1815.733 1816.618 1817.613 1818.203 1818.982 1819.82 1820.492 1820.785 1821.123 1822.337 1822.665 1823.53 1823.883 1824.915 1825.61 1826.68
1794.747 1795.451 1795.963 1796.49 1796.357 1796.989 1797.547 1798.314 1799.14 1799.588 1799.975 1800.425 1800.71 1801.014 1801.308 1801.69 1802.267 1802.902 1803.14 1803.493 1804.032 1804.485 1804.833 1805.345 1805.603 1805.83 1806.238 1806.427 1806.982 1806.905 1807.008 1806.83 1806.886 1806.704 1806.877 1807.36 1807.75 1808.01 1808.62 1809.31 1810.222 1810.723 1811.517 1811.885 1812.738 1813.316 1813.787 1814.448 1815.517 1816.313 1816.905 1817.483 1818.295 1818.797 1819.262 1819.525 1820.307 1821.038 1821.495 1822.505 1822.98 1824.001 1824.823 1825.708
1794.275 1794.902 1795.488 1795.69 1795.859 1796.481 1797.067 1797.629 1798.302 1798.78 1799.266 1799.637 1799.974 1800.397 1800.907 1801.245 1801.734 1802.135 1802.521 1802.64 1803.295 1803.857 1804.14 1804.642 1804.982 1805.287 1805.49 1805.782 1805.94 1806.113 1806.133 1806.182 1806.113 1806.1 1806.107 1806.43 1806.858 1807.275 1808.052 1808.828 1809.425 1810.468 1811.105 1811.853 1812.395 1813.078 1813.722 1814.493 1814.995 1815.6 1816.208 1817.073 1817.508 1818.022 1818.25 1818.983 1819.632 1820.31 1820.975 1821.54 1822.265 1823.515 1824.655 1825.563
1793.844 1794.329 1794.851 1794.912 1795.316 1795.836 1796.664 1797.08 1797.517 1798.162 1798.773 1799.037 1799.459 1799.892 1800.272 1800.616 1801.212 1801.61 1802.038 1802.125 1802.925 1803.285 1803.59 1803.872 1804.025 1804.475 1804.743 1804.915 1805.238 1805.345 1805.24 1805.36 1805.453 1805.375 1805.458 1805.897 1806.542 1807.125 1807.802 1808.337 1809.155 1810 1810.938 1811.432 1812.118 1812.667 1813.53 1813.91 1814.505 1814.863 1815.524 1815.917 1816.665 1817.188 1817.825 1818.387 1819.045 1819.953 1820.412 1821.095 1822.205 1823.26 1823.955 1824.745
1793.153 1793.56 1794.057 1794.323 1794.798 1795.378 1795.968 1796.481 1796.913 1797.557 1797.977 1798.508 1798.914 1799.381 1799.7 1799.922 1800.555 1800.735 1801.3 1801.828 1802.39 1802.642 1802.818 1803.255 1803.357 1803.62 1803.97 1804.31 1804.335 1804.637 1804.838 1804.811 1804.943 1804.78 1804.858 1805.485 1806.05 1806.73 1807.238 1808.05 1808.657 1809.53 1810.24 1810.968 1811.768 1812.113 1812.69 1813.325 1813.385 1814.063 1814.515 1815.14 1815.682 1816.078 1816.728 1817.589 1818.465 1819.152 1819.97 1820.645 1821.662 1822.387 1823.313 1823.915
1792.53 1793.019 1793.494 1794.006 1794.397 1794.907 1795.512 1795.714 1796.228 1796.911 1797.309 1797.836 1798.396 1798.708 1799.182 1799.68 1799.979 1800.265 1800.78 1801.377 1801.718 1801.948 1802.315 1802.598 1802.772 1803.037 1803.27 1803.912 1803.915 1803.932 1804.102 1804.45 1804.318 1804.297 1804.555 1805.19 1805.68 1806.265 1807.01 1807.537 1807.88 1808.377 1809.532 1810.321 1810.953 1811.465 1811.767 1812.422 1812.622 1813.228 1813.762 1814.302 1814.7 1815.328 1816.055 1816.6 1817.623 1818.438 1819.222 1819.672 1821.085 1821.49 1822.085 1823.057
1792.057 1792.684 1793.315 1793.694 1794.08 1794.558 1794.958 1795.383 1796.03 1796.507 1796.917 1797.269 1797.637 1797.983 1798.427 1798.963 1799.475 1799.694 1799.775 1800.488 1800.723 1801.33 1801.603 1801.753 1802.102 1802.407 1802.688 1803.262 1803.196 1803.377 1803.64 1803.718 1803.732 1803.99 1804.522 1805.007 1805.488 1805.965 1806.54 1807.145 1807.415 1807.867 1808.77 1809.66 1810.143 1810.61 1811.103 1811.485 1811.862 1812.27 1813.042 1813.522 1814.175 1814.67 1814.885 1816.107 1816.965 1817.443 1818.388 1819.073 1820.33 1820.84 1821.593 1822.175
1791.924 1792.61 1793.117 1793.313 1793.807 1794.396 1794.663 1795.137 1795.637 1796.045 1796.486 1796.902 1797.223 1797.569 1797.961 1798.44 1798.902 1799.117 1799.338 1800.015 1800.275 1800.532 1801.002 1801.305 1801.682 1801.853 1802.157 1802.358 1802.593 1803.002 1803.08 1803.152 1803.445 1803.953 1804.357 1804.83 1805.38 1805.805 1806.28 1806.74 1807.13 1807.767 1808.41 1808.8 1809.468 1810.055 1810.532 1810.922 1811.262 1811.792 1812.33 1812.84 1813.186 1813.907 1814.34 1815.215 1816.295 1816.917 1817.56 1818.2 1819.147 1820.09 1820.522 1821.328
1791.665 1792.047 1792.546 1792.901 1793.427 1794.213 1794.521 1795.18 1795.473 1795.743 1796.126 1796.422 1796.897 1797.218 1797.51 1797.923 1798.032 1798.355 1799.003 1799.43 1799.815 1800.052 1800.47 1800.81 1801.12 1801.45 1801.685 1802.005 1802.242 1802.557 1802.721 1802.855 1803.29 1803.74 1804.225 1804.642 1805.152 1805.625 1805.973 1806.405 1806.8 1807.375 1807.963 1808.55 1809.105 1809.623 1810.162 1810.45 1811.042 1811.356 1811.75 1812.083 1812.745 1813.125 1813.79 1814.574 1815.218 1816.252 1816.857 1817.615 1818.2 1819.282 1819.927 1820.867
1791.285 1791.76 1792.155 1792.597 1793.07 1793.594 1794.124 1794.711 1795.045 1795.293 1795.686 1796.056 1796.405 1796.635 1797.012 1797.346 1797.541 1797.785 1798.46 1798.94 1799.318 1799.637 1799.897 1800.29 1800.635 1800.96 1801.333 1801.578 1801.667 1801.968 1802.395 1802.755 1803.162 1803.613 1804.077 1804.407 1804.813 1805.292 1805.72 1806.248 1806.735 1807.172 1807.83 1808.422 1808.92 1809.53 1809.84 1810.328 1810.728 1811.147 1811.403 1811.735 1812.233 1812.738 1813.313 1813.89 1814.792 1815.318 1816.357 1817.012 1817.752 1818.675 1819.257 1820.22
1790.682 1790.935 1791.363 1791.896 1792.407 1793.008 1793.709 1794.229 1794.507 1794.922 1795.233 1795.563 1796.033 1796.158 1796.467 1796.83 1796.954 1797.407 1798.01 1798.375 1798.893 1799.282 1799.4 1799.96 1800.306 1800.535 1800.92 1801.073 1801.383 1801.73 1802.042 1802.524 1802.922 1803.42 1803.828 1804.108 1804.532 1804.975 1805.502 1805.887 1806.353 1807.022 1807.563 1808.147 1808.613 1809.21 1809.522 1809.992 1810.34 1810.758 1811.098 1811.52 1811.977 1812.445 1812.96 1813.605 1814.285 1814.888 1815.77 1816.472 1817.288 1818.135 1819.193 1819.833
1789.348 1789.589 1790.12 1791.16 1791.818 1792.468 1793.195 1793.6 1794.039 1794.512 1794.73 1795.111 1795.396 1795.614 1795.952 1796.162 1796.424 1797.121 1797.598 1798.008 1798.48 1798.94 1799.225 1799.537 1799.94 1800.193 1800.407 1800.758 1801.145 1801.455 1801.943 1802.382 1802.875 1803.258 1803.43 1803.949 1804.328 1804.647 1805.23 1805.688 1806.198 1806.765 1807.34 1807.857 1808.31 1808.735 1809.15 1809.49 1809.903 1810.285 1810.71 1811.282 1811.765 1812.44 1812.887 1813.519 1814.185 1814.688 1815.55 1816.265 1817.03 1818.081 1818.823 1819.458
1789.329 1789.442 1789.544 1790.152 1790.825 1791.761 1792.773 1793.115 1793.669 1794.003 1794.313 1794.715 1794.871 1794.882 1795.363 1795.626 1796.226 1796.809 1797.228 1797.775 1798.233 1798.76 1799.125 1799.415 1799.633 1799.988 1800.321 1800.623 1801.065 1801.43 1801.85 1802.165 1802.662 1803.047 1803.355 1803.813 1804.177 1804.507 1804.978 1805.407 1805.965 1806.478 1806.945 1807.537 1807.963 1808.427 1808.767 1809.14 1809.615 1810 1810.417 1810.98 1811.728 1812.315 1812.797 1813.28 1814.008 1814.623 1815.29 1816.005 1816.782 1817.514 1818.46 1819.139
1789.29 1789.44 1789.527 1789.809 1790.113 1790.527 1791.994 1792.76 1793.15 1793.623 1794.034 1794.345 1794.52 1794.486 1794.82 1795.295 1795.63 1796.59 1797.205 1797.645 1798.14 1798.48 1798.912 1799.267 1799.647 1799.818 1800.185 1800.508 1801.005 1801.385 1801.83 1802.205 1802.613 1802.948 1803.31 1803.68 1803.92 1804.3 1804.73 1805.21 1805.665 1806.127 1806.665 1807.242 1807.638 1808.128 1808.49 1808.9 1809.177 1809.662 1810.108 1810.667 1811.315 1811.925 1812.468 1812.962 1813.767 1814.335 1814.867 1815.693 1816.488 1817.357 1818.088 1818.932
1789.132 1789.395 1789.607 1789.786 1789.998 1790.245 1790.988 1791.962 1792.608 1793.125 1793.552 1793.887 1794.09 1794.405 1794.651 1795.004 1795.554 1796.345 1796.95 1797.355 1797.878 1798.162 1798.748 1799.153 1799.52 1799.715 1799.905 1800.43 1800.99 1801.325 1801.758 1802.077 1802.47 1802.848 1803.157 1803.57 1803.932 1804.225 1804.608 1804.915 1805.287 1805.815 1806.348 1806.87 1807.27 1807.742 1808.188 1808.557 1808.9 1809.27 1809.647 1810.34 1810.978 1811.585 1812.157 1812.666 1813.175 1813.813 1814.325 1815.242 1816.14 1816.787 1817.397 1818.325
1789.254 1789.461 1789.768 1789.979 1790.147 1790.319 1790.735 1790.946 1791.143 1791.811 1792.325 1792.711 1793.226 1793.897 1794.341 1794.831 1795.103 1795.858 1796.552 1797.12 1797.448 1797.945 1798.448 1798.922 1799.255 1799.568 1799.99 1800.51 1800.905 1801.172 1801.723 1802.09 1802.475 1802.805 1803.16 1803.55 1803.863 1804.14 1804.498 1804.815 1805.243 1805.675 1806.045 1806.498 1807.087 1807.511 1807.948 1808.26 1808.615 1808.813 1809.27 1810.078 1810.635 1811.145 1811.7 1812.307 1812.738 1813.448 1813.995 1814.71 1815.818 1816.085 1817.259 1817.74
1789.374 1789.64 1789.776 1789.932 1790.094 1790.471 1790.82 1790.89 1790.72 1791.025 1791.012 1791.162 1792.131 1792.733 1793.68 1794.245 1794.989 1795.52 1796.125 1796.695 1797.093 1797.575 1798.03 1798.723 1799.225 1799.588 1800.05 1800.478 1800.905 1801.29 1801.72 1801.982 1802.387 1802.667 1803.1 1803.333 1803.743 1804.022 1804.355 1804.675 1805.215 1805.532 1806.007 1806.325 1806.887 1807.375 1807.637 1808.017 1808.09 1808.627 1808.91 1809.532 1810.21 1810.64 1811.218 1811.848 1812.525 1812.95 1813.568 1814.188 1814.805 1815.657 1816.275 1816.78
1789.175 1789.407 1789.616 1789.887 1790.055 1790.352 1790.395 1790.517 1790.588 1790.787 1790.966 1791.325 1791.591 1791.809 1793.124 1793.821 1794.43 1795.135 1795.757 1796.256 1796.775 1797.305 1797.773 1798.422 1798.93 1799.427 1799.938 1800.405 1800.7 1801.153 1801.62 1801.968 1802.248 1802.53 1802.883 1803.262 1803.583 1803.95 1804.282 1804.575 1804.995 1805.407 1805.782 1806.203 1806.595 1806.995 1807.468 1807.73 1807.79 1807.965 1808.53 1809.2 1809.745 1810.255 1810.797 1811.595 1812.035 1812.588 1813.203 1813.745 1814.225 1814.893 1815.478 1815.97
1789.125 1789.215 1789.373 1789.653 1789.9 1790.035 1790.268 1790.413 1790.763 1791.17 1791.245 1791.398 1791.619 1791.728 1792.14 1792.913 1793.862 1794.51 1795.245 1795.96 1796.505 1797.142 1797.662 1798.245 1798.77 1799.305 1799.887 1800.285 1800.617 1800.992 1801.527 1801.849 1802.133 1802.488 1802.88 1803.145 1803.485 1803.978 1804.267 1804.568 1804.917 1805.279 1805.578 1806.07 1806.318 1806.735 1807.11 1807.54 1807.72 1807.987 1808.525 1809.005 1809.45 1809.922 1810.525 1811.068 1811.725 1812.215 1812.815 1813.338 1813.892 1814.405 1814.95 1815.23
1788.9 1789.08 1789.262 1789.494 1789.738 1789.81 1790.188 1790.604 1790.868 1791.26 1791.451 1791.674 1791.898 1791.848 1791.913 1792.144 1793.83 1794.15 1794.946 1795.616 1796.277 1796.925 1797.605 1798.215 1798.755 1799.305 1799.703 1800.305 1800.588 1801.157 1801.417 1801.693 1802.02 1802.26 1802.643 1803.042 1803.473 1803.682 1804.22 1804.522 1804.85 1805.21 1805.483 1805.753 1806.143 1806.495 1806.758 1807.177 1807.56 1807.905 1808.295 1808.758 1809.287 1809.782 1810.292 1810.693 1811.235 1811.874 1812.265 1812.67 1813.24 1813.612 1813.96 1814.634
1788.903 1789.085 1789.28 1789.611 1789.686 1789.826 1790.17 1790.698 1790.965 1791.366 1791.565 1791.79 1791.982 1792.005 1792.035 1792.17 1793.072 1793.665 1794.525 1795.31 1796.085 1796.802 1797.385 1797.96 1798.712 1799.198 1799.703 1800.09 1800.615 1801.032 1801.51 1801.735 1802.02 1802.32 1802.548 1803.057 1803.28 1803.7 1803.936 1804.4 1804.823 1805.103 1805.355 1805.67 1805.935 1806.354 1806.61 1806.907 1807.338 1807.71 1808.133 1808.69 1809.12 1809.522 1809.985 1810.505 1810.83 1811.253 1811.555 1812.117 1812.506 1812.905 1813.465 1813.751
